   55254.000000000000     
   55399.000000000000     
   55091.000000000000     
   55104.000000000000     
   55243.000000000000     
   56550.000000000000     
   55550.000000000000     
   56543.000000000000     
   55379.000000000000     
   55378.000000000000     
   55538.000000000000     
   56067.000000000000     
   55302.000000000000     
   56388.000000000000     
   55099.000000000000     
   55139.000000000000     
   55390.000000000000     
   55188.000000000000     
   56520.000000000000     
   55246.000000000000     
   55564.000000000000     
   55388.000000000000     
   55384.000000000000     
   55247.000000000000     
   56199.000000000000     
   55189.000000000000     
   55839.000000000000     
   55244.000000000000     
   56328.000000000000     
   55099.000000000000     
   55589.000000000000     
   56287.000000000000     
   55394.000000000000     
   55084.000000000000     
   55142.000000000000     
   56520.000000000000     
   56131.000000000000     
   55283.000000000000     
   56558.000000000000     
   56560.000000000000     
   55161.000000000000     
   56296.000000000000     
   55114.000000000000     
   55660.000000000000     
   55169.000000000000     
   55883.000000000000     
   55689.000000000000     
   56551.000000000000     
   56476.000000000000     
   55142.000000000000     
   55268.000000000000     
   55233.000000000000     
   55083.000000000000     
   56531.000000000000     
   56329.000000000000     
   55143.000000000000     
   55090.000000000000     
   56559.000000000000     
   55126.000000000000     
   56299.000000000000     
   55831.000000000000     
   55458.000000000000     
   56555.000000000000     
   56183.000000000000     
   55785.000000000000     
   55115.000000000000     
   55104.000000000000     
   55180.000000000000     
   55527.000000000000     
   55204.000000000000     
   55300.000000000000     
   55830.000000000000     
   55504.000000000000     
   55245.000000000000     
   55710.000000000000     
   56033.000000000000     
   55117.000000000000     
   55577.000000000000     
   55670.000000000000     
   56552.000000000000     
   55213.000000000000     
   55168.000000000000     
   55233.000000000000     
   55094.000000000000     
   55456.000000000000     
   56558.000000000000     
   55104.000000000000     
   55171.000000000000     
   55169.000000000000     
   55760.000000000000     
   55394.000000000000     
   56281.000000000000     
   55320.000000000000     
   55198.000000000000     
   55121.000000000000     
   55525.000000000000     
   55376.000000000000     
   55425.000000000000     
   55084.000000000000     
   56552.000000000000     
