   58.000000000000000     
   37.000000000000000     
   75.000000000000000     
   58.000000000000000     
   63.000000000000000     
   59.000000000000000     
   67.000000000000000     
   62.000000000000000     
   86.000000000000000     
   57.000000000000000     
   83.000000000000000     
   49.000000000000000     
   74.000000000000000     
   58.000000000000000     
   52.000000000000000     
   95.000000000000000     
   71.000000000000000     
   75.000000000000000     
   58.000000000000000     
   64.000000000000000     
   74.000000000000000     
   54.000000000000000     
   69.000000000000000     
   61.000000000000000     
   44.000000000000000     
   65.000000000000000     
   58.000000000000000     
   59.000000000000000     
   68.000000000000000     
   47.000000000000000     
   71.000000000000000     
   54.000000000000000     
   57.000000000000000     
   57.000000000000000     
   31.000000000000000     
   58.000000000000000     
   64.000000000000000     
   67.000000000000000     
   74.000000000000000     
   67.000000000000000     
   63.000000000000000     
   37.000000000000000     
   68.000000000000000     
   79.000000000000000     
   84.000000000000000     
   53.000000000000000     
   76.000000000000000     
   83.000000000000000     
   75.000000000000000     
   79.000000000000000     
   79.000000000000000     
   65.000000000000000     
   87.000000000000000     
   33.000000000000000     
   78.000000000000000     
   57.000000000000000     
   74.000000000000000     
   83.000000000000000     
   54.000000000000000     
   53.000000000000000     
   64.000000000000000     
   58.000000000000000     
   77.000000000000000     
   79.000000000000000     
   50.000000000000000     
   70.000000000000000     
   57.000000000000000     
   49.000000000000000     
   57.000000000000000     
   59.000000000000000     
   76.000000000000000     
   57.000000000000000     
   79.000000000000000     
   73.000000000000000     
   65.000000000000000     
   56.000000000000000     
   51.000000000000000     
   52.000000000000000     
   58.000000000000000     
   48.000000000000000     
   45.000000000000000     
   84.000000000000000     
   83.000000000000000     
   51.000000000000000     
   67.000000000000000     
   56.000000000000000     
   63.000000000000000     
   48.000000000000000     
   66.000000000000000     
   45.000000000000000     
   73.000000000000000     
   57.000000000000000     
   64.000000000000000     
   72.000000000000000     
   47.000000000000000     
   60.000000000000000     
   54.000000000000000     
   74.000000000000000     
   53.000000000000000     
   75.000000000000000     
