   4.9118427582605945E-003   6.1885081260411572E-003
   5.0592357316330246E-003   4.7382079086910039E-003
   3.5120174305103800E-006   5.6179882984692181E-003
   8.0959824882894677E-003   2.7915136901622236E-003
   6.0422248235168985E-003   9.8219006368061058E-003
   2.6985630405594423E-003   2.4746428255339355E-003
   5.0265528285068240E-004   9.7566507802142998E-003
   1.2302473193175380E-003   9.9791260482646176E-003
   3.4002191402950415E-003   3.5500577667495507E-003
   5.9773735729872126E-003   5.7367729049812881E-003
   5.6987837914837447E-003   3.0383649296305913E-003
   6.9587244684615754E-003   3.3658836052594164E-003
   8.4245544897506731E-003   4.2195851002911041E-003
   4.9046422377716017E-003   7.0737591046252102E-003
   1.3388125232135935E-003   2.3935553628921303E-003
   1.8103066840257061E-003   2.7952250106237945E-005
   6.5661231086431649E-003   1.1414522310446260E-003
   3.1859362512761430E-003   8.5748625027830070E-003
   4.6587013661203444E-003   5.5609429281023070E-003
   1.4718538157045160E-003   3.4807175414081279E-003
   7.9979775510718946E-003   9.5328195064947104E-003
   7.6908967493525228E-003   9.8804933996314622E-003
   8.8366549503228892E-003   3.8271159882783501E-003
   5.3159496771711624E-003   4.8511941008508178E-003
   6.5005268000534397E-003   1.6248645268496426E-003
   1.4682216576618243E-003   1.6382150359629723E-004
   8.8939187158336482E-003   8.7428749579670263E-003
   5.6026708360773841E-003   5.9867715490920341E-003
   6.2146154261262226E-003   5.5467668015261960E-003
   2.1908828067550823E-003   5.9484452968223229E-003
   2.3836181510163558E-003   1.9643637360839006E-003
   1.2830593629195631E-003   1.8320446842499285E-003
   4.3007968944966781E-003   2.6071900513987942E-003
   7.6340539416456851E-003   8.9325574268272877E-003
   3.4174337067722502E-003   4.5049423372861665E-003
   9.5302085436555599E-003   4.3749013004707642E-003
   9.4951852268982603E-003   1.5749847523751598E-003
   7.3642274399121424E-003   3.6105262132410548E-003
   9.1528534000519905E-003   1.0680039418246615E-003
   3.0397321111707634E-003   4.8247380204613968E-003
   3.8079051318615233E-003   9.8926611290744790E-003
   3.4841760077905732E-003   6.5279267758726733E-003
   8.3719911092761858E-003   2.3478912200536072E-003
   5.7328688007466820E-003   7.4542104301295294E-003
   4.9751438223641104E-004   1.1348077101329377E-003
   7.5149494258290855E-003   8.2965218500683658E-003
   7.6807271724942732E-003   2.3711607802524982E-003
   1.6250223860261135E-003   6.4265001595143695E-003
   5.0303624035000624E-003   9.9278986500240390E-006
   6.8331197867324200E-003   2.5200047541968549E-003
   9.9119292618296707E-003   6.1190761654260923E-003
   7.7912928572815348E-003   7.3507358354286921E-003
   7.5325798278360534E-003   1.4428445144755973E-003
   3.3695832841887994E-003   5.0918487855660961E-003
   9.8819639579774653E-003   8.6838901083375747E-003
   6.9155693086402348E-003   3.8196407276297178E-003
   1.4609517536409906E-004   3.0679539791624781E-003
   3.4249792822752985E-003   5.8969408301156670E-003
   1.9499296331545010E-003   5.1963827596960511E-003
   3.3600754120201226E-003   1.1583445599108676E-003
   3.1262435964896549E-003   4.8284120880199653E-003
   1.4441739774514800E-003   9.9363443487958721E-003
   1.3947021222648686E-004   4.4839596396703089E-003
   8.1279878542423190E-003   9.6562868029141276E-003
   6.2473807513003148E-003   5.5403132017423926E-003
   7.1030650320942816E-003   1.9052554862132554E-003
   4.6432185939714399E-003   8.7126628536324316E-003
   8.9915213216988001E-003   6.3018174871345132E-004
   9.6232174009192820E-003   7.2917905670086807E-003
   1.3794633566306268E-003   5.8696959195051789E-003
   8.2108313255993791E-003   1.1133365338264669E-003
   7.8300084023876157E-003   6.5777739540570299E-003
   9.1721927789841749E-003   5.0725536444562276E-003
   8.3505390250825044E-003   2.4047382187120329E-003
   8.8345767039966668E-003   2.3348750557447202E-003
   2.3790760908178410E-003   1.5749149031820311E-003
   7.9259607046497805E-003   3.7884609791396470E-003
   3.0128587982677199E-003   3.5632797533475236E-003
   9.5423129431634734E-003   3.6848699691169290E-003
   9.5778657168046882E-003   3.2429676518044284E-003
   1.2054545810471543E-003   5.6890039731231539E-003
   4.9405307532011207E-003   6.7560523779858148E-003
   4.9912054114934082E-003   5.3342771741255544E-003
   2.1639810885134996E-003   3.2188566416589807E-003
   6.1540431371676007E-003   3.5631675289772300E-003
   2.8207506997607419E-003   2.1466976041657373E-003
   2.2545703697272441E-003   7.6148863917285979E-003
   3.5063317061897049E-004   6.4916405857036079E-003
   1.1777393525362664E-003   3.1921626083516344E-003
   2.2413604903227468E-003   2.6820953947874230E-003
   4.5921909644232092E-003   3.6512604000285549E-003
   5.2004465857522783E-003   9.3692885755418277E-003
   3.0740569359967752E-003   1.5457263223574154E-003
   9.5708775378628066E-003   6.6939145357785348E-003
   8.0954819024053777E-003   9.3894689387592802E-003
   3.3741495587742655E-003   1.6682483263631576E-003
   3.4022051856863337E-004   6.2493528268529816E-003
   8.9282156009824094E-003   5.7846992303546051E-003
   8.7217292789005339E-003   9.4286673746205255E-003
   2.6356219326311827E-003   5.4403562124075164E-003
   5.3815073358740228E-003   1.9368575894911110E-004
   4.9313409276918237E-003   5.6207338374204630E-003
   4.7988914906973443E-003   8.0682789013107672E-003
   7.3632630553856788E-003   5.9636426186019751E-003
   7.7568921296656563E-003   1.7843665563428619E-003
   2.5686472666303847E-003   5.3143454740356404E-003
   1.4465777210176819E-003   6.3630691759116341E-003
   4.6984246022526289E-004   5.8159804930053563E-003
   9.7680236258395128E-003   9.0986299370874792E-003
   6.9339051874978026E-003   3.8342042843970492E-003
   7.7143660782437616E-003   4.7504268608756488E-003
   6.0103908209178554E-003   5.2624726692505524E-003
   8.2360394337382351E-003   2.5218045350731372E-003
   4.4493321350074057E-003   7.8745214305233780E-003
   1.2656501500241692E-003   7.0565529200511765E-003
   6.4856554411750547E-003   4.4109998291409578E-003
   8.4836320059763423E-003   4.2361086254176263E-003
   5.6470232110689507E-003   8.9835631702950055E-003
   8.9963660617342067E-003   6.0635209111792598E-003
   7.0311082559782584E-004   5.0673573301487406E-003
   1.1732047429183520E-003   8.7148230563452583E-003
   3.5047060826349568E-003   6.2426179676515134E-004
   4.0087820980738769E-003   8.6584300774421689E-003
   7.0808599735986723E-003   8.0135762728813925E-003
   1.5501282185083852E-003   6.2801102205552678E-003
   4.6430304668112800E-003   1.9648745665163149E-003
   1.1646752251147643E-003   3.6372509801933781E-003
   1.6186316505161261E-003   6.2758042506295278E-003
   7.7655352688233998E-003   1.0776636195730714E-003
   7.6128025574669252E-003   4.7955648064592687E-003
   7.8555070831698871E-003   5.3027067358152507E-003
   8.4284483494369532E-003   8.4940874988651306E-003
   5.1678661281093332E-003   2.4951403040881924E-003
   1.8620481723277123E-003   2.3619737487109256E-003
   6.4605847031160187E-006   1.7641969033350222E-003
   4.4918432852680996E-003   1.3306313200530742E-003
   8.6202072019782878E-003   1.4988938353484933E-003
   6.5008727863900707E-003   7.8433025664851556E-003
   7.7357231675347889E-003   4.3146964182679990E-004
   4.4850804863893800E-003   2.9586488394805458E-003
   4.7150910853944209E-003   4.2936485280718880E-003
   5.5964570518566561E-005   7.2632390108253991E-003
   3.3881631695610302E-003   6.3775284245505600E-003
   8.2448744253464396E-003   6.6826087453787254E-003
   3.0050878427015097E-003   7.3310169425471767E-003
   9.1758375098816292E-003   4.4857198393371519E-003
   8.1908321046227743E-003   7.7433455771502785E-003
   4.9316389509158395E-003   3.9078760910350252E-005
   5.9043061947004431E-003   8.2541471385649164E-003
   4.2360276003535965E-005   3.7491787242466485E-005
   5.9926742715726952E-004   3.1256875969123505E-003
   6.9508622432830104E-003   5.2142632218144195E-003
   3.0322195976191292E-003   2.6778541517806492E-003
   6.6947289773704151E-003   9.6532087818035905E-003
   1.3851989067090670E-003   9.7674969629233232E-003
   9.8737156995915409E-003   6.8628327021667884E-003
   7.6535395382221509E-003   3.8137841056165214E-003
   7.7993776685555362E-003   9.5574557825724854E-004
   6.2716840795575103E-003   9.2182117557237913E-003
   6.4847604401804320E-003   1.6462905340112236E-003
   5.4154009583477864E-003   9.2661194546456074E-003
   6.9941449942971324E-003   2.2621275867624802E-003
   6.7791785145081482E-003   9.5937447667092755E-003
   1.3273297815245249E-003   7.1757612783348939E-004
   4.2801760157012269E-003   8.7267658713863997E-003
   9.5464685044933436E-003   2.4533225234846224E-004
   2.3697912704058882E-003   7.1058226782390026E-003
   2.7853492660379732E-003   2.2007431845184151E-003
   4.9702622950869900E-003   2.2006323571319843E-003
   2.1184100779324819E-003   6.6627785594494914E-003
   8.6148958693327837E-003   1.9117230558356843E-003
   7.7167674935035256E-003   6.6342512176531610E-003
   4.3680570108667284E-003   7.7820941842077739E-004
   4.8376154177066010E-003   8.9036328759526991E-003
   5.5973068837063883E-003   4.0461630579299119E-003
   3.8625146280333936E-003   5.8177933123976892E-003
   8.8223665993764841E-003   6.7207915739718785E-004
   8.4562567102053465E-003   3.1454348951324052E-004
   5.8863167678407935E-003   5.0082998373584360E-003
   7.2573842514573527E-003   2.9704738422159449E-003
   8.4799150975793207E-003   7.5828693842435579E-003
   8.6279511491898220E-003   9.9749644333380107E-003
   2.2851885307045602E-003   8.5537927265063821E-003
   6.0842521516998541E-003   7.6518813183772761E-003
   6.9727567056998407E-003   4.6645835995043549E-003
   5.9676608098520253E-003   4.1200630385987754E-003
   2.0761904316377784E-003   5.5181658852464363E-003
   8.4875803480332634E-003   6.2473206809942243E-003
   2.5709718477777074E-004   5.7479203705433383E-003
   7.1103442493408659E-003   2.2952910523374058E-005
   2.0681773322020554E-003   4.6840240269359311E-003
   7.7600437252596226E-003   5.9487670687720026E-003
   3.5108346508400676E-004   5.1126605854894319E-003
   5.7943803285222407E-003   4.8481561266110074E-003
   2.8701918213023766E-004   8.6793098639134838E-003
   6.8106362627868709E-004   2.8029065592228000E-003
   9.6513982907176950E-003   1.0042977524009988E-003
   2.1055010157197255E-003   4.5176590813871750E-003
   1.6218423850936081E-003   4.5017306713861088E-003
   5.7630199034526108E-003   7.5579276343611668E-003
   3.7160781229455390E-003   4.8471791692297813E-003
   9.0503459838453433E-003   4.0588183347409681E-003
   2.0127100879385649E-003   2.9705697684411750E-003
   8.9924600948544497E-003   5.3051584424940674E-003
   1.3819443999705577E-003   4.6353284291156234E-003
   1.1923494754323501E-003   8.3770449312296907E-003
   5.9764944044763662E-003   7.5527327170375421E-004
   5.4875626254303209E-003   5.7954238754675839E-003
   9.1852769298410401E-003   5.8925338116905344E-003
   1.0340930898832591E-003   4.2657367904976647E-005
   5.1720193611327651E-003   7.4077029746992991E-003
   7.5649889221251895E-003   3.9655268210757183E-003
   7.5495187228310475E-003   1.3460116467187235E-003
   4.6668122544264480E-003   6.4153154410493164E-003
   2.0573963420732863E-003   7.8303017689987566E-003
   3.5472223551698133E-003   1.5408168554030437E-003
   8.4979031274551083E-003   9.1338078533922361E-003
   6.3306982658480754E-003   3.2193525709301946E-003
   4.7854669414392984E-003   2.5430363614778206E-003
   6.2241638108269147E-003   3.3964151532372530E-003
   4.2857876998771858E-003   8.5765360894503699E-003
   6.1896462022278673E-003   5.7567576904579802E-003
   9.0982778971541098E-003   5.7237995815108533E-003
   2.9807421392671497E-003   4.7753350831453390E-003
   4.9689039611112810E-003   2.4037589330243689E-003
   1.5967511579379212E-003   8.1539410204412143E-003
   9.3591753436993701E-003   7.9557858444544421E-004
   7.7389217949187950E-003   6.9814962367441020E-003
   9.1633107555859315E-003   7.7638691327366373E-003
   6.1153415619001452E-003   8.0867912657963080E-003
   5.7384548735518268E-003   2.2297715778601223E-003
   5.1218136237570150E-003   4.8341150418082790E-003
   1.5616887256324704E-003   2.9231002567909193E-004
   3.9154710266345511E-004   4.5114508851018973E-003
   6.6339238577680310E-003   8.0535281487058514E-004
   9.4630485444623276E-003   9.3534705272659054E-003
   1.3150642632111275E-003   7.4450266582169692E-003
   3.1909900732296475E-003   1.9488227562740551E-003
   3.9059598948368618E-003   3.3513549730886496E-004
   2.2767772908680035E-003   3.2607191257461531E-003
   7.3118042234851998E-003   5.7361014214046772E-003
   9.8293349192614364E-003   2.9195495894735446E-003
   3.7795864063220035E-004   5.2752359794803133E-003
   3.8063516858063413E-003   2.2374889823782674E-003
   1.7650285743945411E-004   8.4301829377329829E-004
   9.4665265686188476E-003   4.9002561741044075E-004
   5.0285081402531399E-003   7.2981868904541183E-003
   3.3107232317844048E-003   3.0488511561643570E-003
   9.7813452639530160E-003   6.4730951592666544E-003
   6.8805264341088605E-003   7.4320472811497968E-003
   8.1914393269417064E-003   6.7624878169794045E-003
   1.4063627465657716E-003   5.3032697203118677E-003
   9.0927584139130816E-004   9.5860175833040930E-003
   2.5853971031426439E-003   7.9646618142559487E-003
   5.6143580030716764E-003   5.7676322785055415E-003
   1.0619130921838400E-003   2.3121968853809858E-003
   2.5402875628975628E-003   2.0550759518775511E-003
   5.7030012857648554E-003   5.7132444371065334E-003
   4.9512973078299767E-004   3.9593782294352437E-004
   8.6486749391298159E-003   2.3806379187761985E-003
   2.0872307951036984E-003   4.4330097755570941E-003
   7.7252616210492613E-003   3.8452963362658847E-003
   5.9306435314615460E-004   8.2798395344427971E-004
   6.3346894487434488E-003   2.4183108482595120E-003
   5.6282151516658325E-003   9.1442130548619726E-003
   4.9954671435968332E-003   9.6505847804483885E-003
   9.9976733373467221E-004   7.6138717157830816E-003
   8.9234113734790177E-004   8.5884346666691980E-003
   8.9986193967045384E-003   5.4455725501503672E-003
   2.6037087676132604E-003   3.3486303888953435E-003
   8.6449012200557167E-003   1.9700336279207999E-003
   3.3184196815446111E-003   2.1901843148237955E-003
   1.3433303690251570E-004   3.5835085453388787E-003
   5.1806275756939441E-003   7.4785202776447499E-007
   3.7415786663729600E-003   3.3378945679114641E-003
   9.9545950116378232E-004   7.5114197132696492E-003
   9.6475053623539886E-004   4.8806169093030581E-003
   5.3166570166669124E-003   9.4086024954023783E-004
   4.2757438515665679E-004   2.7607297537665487E-003
   3.7267883325586043E-003   4.7138449757890052E-003
   7.6877553983068815E-003   3.5597216354495481E-003
   9.3964892483300016E-003   3.7158844078499288E-003
   2.4250000726548024E-003   7.3423441533662119E-003
   7.6955510339213307E-004   2.8156558996139357E-003
   5.9658051496212392E-003   1.6843383208309944E-003
   4.8817885131024700E-003   4.7440319344140740E-003
   3.4078434125556813E-003   8.0620357804289254E-004
   9.9224997730564795E-003   6.1051887488482465E-003
   7.7240509017016973E-003   8.1427795850405379E-003
   2.5738030684058569E-004   7.0346985045050730E-004
   6.4481082402393728E-003   2.2920947532598370E-003
   5.1103392639711221E-003   3.2862378299637874E-003
   4.4406247345919834E-003   9.8342220344740071E-003
   7.1790525723151180E-003   6.9341165977223392E-003
   5.2019692981624833E-003   9.4059202863862367E-004
   5.2344957390960756E-003   7.6133091969477519E-003
   4.5872754438720997E-003   2.2268746989904322E-003
   1.4923224232589465E-003   5.0480128289423941E-003
   1.0299202990857513E-003   9.7942352340529837E-003
   3.2786382377513862E-003   4.6198745279665450E-003
   2.4467688065240014E-003   6.2692435487495942E-003
   8.1229605749822045E-003   3.8819890487389588E-003
   8.4976158144407041E-003   1.1221179743866054E-004
   1.1150999931223225E-003   5.7948124621970635E-003
   6.0362648246978711E-003   9.3661197504802240E-003
   8.6807189549695327E-003   8.5096992591906801E-004
   4.2024441082973239E-003   7.7955601773204101E-003
   5.6986706357908768E-003   6.2309685192215112E-003
   3.9043333399595382E-003   6.5647512704901170E-003
   7.9598315097204556E-003   5.9851775905048372E-003
   2.8940262286430347E-003   6.9688321123685835E-003
   9.7617530309417073E-003   2.8034732690097176E-003
   3.6962190660164780E-004   7.6850508375489388E-003
   4.1673015822504189E-003   6.8608182514369575E-003
   6.7156474137285947E-003   4.7855074539713133E-003
   8.1106610633948171E-003   3.4370557421059609E-003
   4.9318415135759120E-003   5.1439390541724575E-003
   8.1929331683520848E-004   3.0606463565773546E-003
   5.8189271976328118E-003   8.9860539925219751E-003
   9.3837413049227287E-003   8.3970557937384843E-004
   2.1147830421639527E-003   8.2777403333586363E-003
   8.0064339600533409E-003   4.5955814442576754E-003
   9.7322952978929015E-003   2.3299544129194482E-003
   5.9788026874786253E-003   6.8535632485773245E-003
   2.1123313354851360E-003   4.1439244542941104E-003
   8.4734321611344039E-003   8.9022237848966502E-003
   7.7025839163468142E-003   7.1682403828800846E-003
   7.5919344125277991E-003   4.3485076186938710E-003
   7.9721072725821786E-004   7.1540586683685233E-003
   6.1981626815154041E-003   6.5615451925255105E-003
   9.3773785090899928E-003   9.5202568962798727E-003
   6.9576557758067063E-003   9.3931565104951880E-004
   1.0787649085180671E-004   3.5477308572957902E-003
   8.1843915433550216E-003   8.8995746378319213E-003
   5.7599283781647349E-003   4.7978749521066788E-003
   3.7445072102102019E-003   3.1145121916730479E-003
   2.9447269639674236E-003   4.7844965033160972E-003
   1.0782387112631643E-004   9.0099819977814254E-003
   4.0549933929252407E-003   4.9812672682950591E-003
   5.6939912055125417E-003   3.8215159456345795E-003
   3.3941306189606574E-003   6.4221560053630529E-003
   9.2764366461320028E-003   5.4188733945688579E-003
   2.5987406273366609E-003   1.9311858350090617E-003
   3.2328739777360456E-003   6.9732624138580928E-003
   4.3681678382531588E-003   3.3287471175793312E-003
   6.6917454855012458E-003   4.2146858778850573E-003
   6.8181748533706066E-003   4.0123225208429257E-003
   8.8287615258380598E-003   7.8897057137869795E-003
   8.5957618470283974E-003   3.3921711162627540E-003
   6.1336974641930768E-003   3.4722704456524320E-003
   8.2269348242445545E-003   4.8594116255917643E-003
   2.6713199925941043E-003   7.3179020580453344E-003
   4.1976454687293833E-003   4.9831792735416346E-003
   9.5167039006560598E-003   7.9116825982517014E-003
   7.9764514267334947E-003   4.5930342770149164E-003
   2.8916257447058457E-003   4.6474817230587277E-003
   2.6411688898881755E-003   9.4996253072748079E-004
   6.5736360878560860E-003   1.8189302654093738E-003
   1.3427147648030495E-003   4.6686250738187810E-003
   2.9767835526619030E-003   9.5435865267848533E-003
   8.7669636163706724E-003   6.6285720125905108E-004
   2.4874252278764852E-003   7.5394604390205166E-003
   7.1319807354044079E-003   5.4333489413528465E-003
   5.5828783687124394E-003   5.5146343100418499E-003
   7.0467861402066364E-003   5.8311386992368564E-003
   3.9481180738416121E-003   7.5052483042260861E-003
   4.1107689049610721E-003   5.4797199580258315E-003
   7.2602159377467895E-003   5.8262199190567340E-003
   5.8986181420733310E-003   1.6624713324301277E-004
   3.3643818476071499E-003   6.7462520705285729E-003
   7.4363993515430020E-003   4.4383793158635403E-003
   3.9700837824354338E-004   5.7399482493009175E-003
   7.8448280728630852E-003   2.4233041342456379E-003
   3.9498959686373805E-003   8.9091802988709792E-003
   8.0946320705556460E-004   5.4785870041132844E-003
   1.8222145744702847E-003   2.9993499643166319E-003
   1.7098495744680285E-003   6.9737010667909405E-003
   1.6132271856131159E-003   6.3995691046116734E-003
   3.5200058498978644E-003   6.7809592032716422E-003
   5.0743916095580864E-003   8.0321454480440108E-003
   8.3979689555233206E-003   4.3774168027459724E-003
   2.3974203515785843E-003   4.5575695133570444E-003
   1.3037514878920054E-003   9.4028962819850525E-003
   2.0528766336165728E-003   2.7436045942565448E-003
   9.1753737112392555E-003   5.0689470977843491E-003
   9.4810780181927038E-004   2.6650396188092605E-003
   2.2650132897612703E-003   9.1481958558541701E-003
   7.8920149281118141E-003   3.6981394531662294E-003
   7.9566566310621130E-004   4.1964994763007855E-003
   1.7466032885697686E-003   7.6482752373666857E-003
   5.7097356793050355E-003   7.7358740417919469E-003
   7.5758686324469138E-003   7.7947080171642397E-003
   5.6576444793760986E-003   5.7388655868074231E-004
   1.3076947076747635E-003   3.8858540374254128E-003
   1.1248108936123601E-003   8.6189829784533867E-003
   3.0702655217937501E-003   4.1126450542885093E-003
   8.8274083141365121E-003   5.1925932081381757E-003
   1.6027824029339395E-003   5.4776994536992626E-004
   3.3367094599347142E-003   4.7166650205462540E-003
   1.7622220338146305E-003   1.9797449940721248E-004
   4.9858116568000108E-003   3.7921261991337532E-003
   1.5792688362203859E-003   8.3091473245570195E-003
   3.6564022319654013E-003   8.6597842204662896E-003
   4.7264928020194609E-003   9.3280584594831149E-003
   7.9655023328799295E-003   5.5542918879325932E-003
   4.8880232520811372E-003   8.1968754568122679E-003
   8.3498591596027176E-003   8.1053148061527476E-003
   4.0506226960805355E-003   2.3050527099077837E-003
   4.5647979735232878E-003   3.0380361727615989E-003
   1.7599691645055866E-003   6.8102641994181390E-003
   6.6426838779089434E-003   5.0190775678581922E-003
   9.9118896806202322E-003   5.7953600798711924E-003
   2.5360803131647784E-003   1.2831916107252201E-003
   5.3627197655675557E-003   4.3204794657977670E-003
   1.8072542742859825E-003   4.4808010591570295E-003
   1.8028933563283148E-003   8.2211499140696365E-003
   3.7064994702611584E-003   5.9110093889343596E-003
   9.3948477922914768E-003   2.2875703881902482E-003
   4.0930449050353120E-003   7.3353969526176325E-003
   8.9922174853236496E-004   6.3962205342930839E-003
   2.4433340888672201E-003   2.7712308814615157E-003
   5.4830857578120592E-003   5.4038809637557165E-003
   3.5200365835428410E-003   4.3684979921060144E-003
   5.7196863953581480E-003   7.8623537010803612E-003
   1.9533708700693077E-003   1.5030358925010245E-003
   9.1517386069296571E-003   7.9799410924222044E-003
   7.3829405044126047E-003   2.7207452816519631E-003
   3.4170881860969070E-003   9.3328701375671053E-003
   9.2442533975673150E-003   1.7857127831250954E-003
   1.0727387857962115E-003   6.5602529824526296E-003
   1.6389740638616374E-004   3.8276193681301639E-004
   2.4251872684923873E-004   2.9931953190794193E-003
   3.8673272374399599E-003   5.4310271541732494E-003
   6.3470099150887737E-003   5.4627973611759010E-003
   7.6928222587764367E-004   7.4119525996092488E-003
   6.7602698722669247E-003   5.8047939118951531E-005
   7.7459379135379281E-003   1.7838389621040965E-003
   1.0271994401827452E-003   4.4385595267818125E-003
   1.7028022565426315E-004   5.9639439014550037E-003
   7.0638665962330380E-003   2.9216790585413943E-003
   3.1436593286430742E-003   5.9310738024912187E-003
   5.2108326951092266E-003   5.0494773336916591E-004
   4.1664065812557971E-003   1.6446816742628262E-003
   1.3072649023063783E-004   3.3123418704198403E-005
   4.8418897226647894E-003   5.0402772636340357E-003
   6.2734484701759408E-003   4.1273050029423577E-003
   8.0247945189591465E-003   2.2589406009106620E-003
   3.0306093408868692E-003   4.8775197960797328E-003
   8.8833472732842648E-003   7.9126032106171373E-003
   2.2533084276380524E-003   9.0678357561434792E-003
   3.3370740727228457E-003   5.4855123187813500E-003
   3.0802548877337274E-003   7.4426177923766048E-003
   4.4504096752267380E-003   3.4293066726202642E-004
   2.9106177403175355E-003   5.9883482782115919E-004
   7.1303048204306068E-003   1.3475981547253198E-003
   8.5551496634982301E-003   6.8636653045488823E-003
   7.4738115107053013E-003   6.6368049041539458E-003
   8.8281044777613615E-003   3.0556363067848779E-003
   9.2114773621836104E-003   7.0702149565658604E-003
   7.2636283036617696E-003   6.4201820671652360E-003
   7.6026390342054141E-003   4.5199925100989605E-004
   6.1043412453049518E-003   5.0819008634807082E-003
   4.2142448966457722E-003   7.5176735443611038E-003
   6.2148687458666359E-003   4.7693029068267452E-004
   2.6162308652960841E-003   3.1405054047426700E-003
   5.2699819231731733E-004   7.3342584107696351E-003
   2.4622497160277563E-003   3.7157349305766332E-004
   8.8857281994473795E-003   6.0168486116532463E-003
   7.5014764477971370E-003   9.9908998282583900E-003
   5.4530226650894723E-003   8.0440756902303897E-003
   5.9698675786936037E-003   4.3008564991414812E-003
   5.5910619001793968E-003   4.7361617929936209E-004
   8.9822686319156863E-003   3.9990060050035855E-005
   4.2234268059131814E-003   6.8056201593976566E-003
   8.8088815141510596E-003   3.6521488817651518E-003
   3.2422551900345158E-003   9.4822067811536643E-003
   7.4752848630190291E-003   8.4193274417982099E-003
   6.0854586800958305E-003   5.4703094090662475E-005
   5.1185488724701800E-004   8.9254197706121110E-003
   9.5300846777530788E-003   5.0046229758321419E-003
   4.8734806500717442E-003   1.9978052014474781E-003
   5.8796806288322814E-003   1.9378098668240988E-003
   9.5042828514726296E-003   3.4784167089864692E-003
   2.3353919397738725E-003   4.5360447860025082E-003
   3.7384312617305812E-004   8.4655587600849375E-003
   5.9998370734973983E-003   2.9004397815561109E-003
   3.6606388183592999E-003   5.3241546290573455E-003
   5.7650012922310281E-003   7.4547198635780808E-003
   7.9005612097217525E-003   1.5115281574016102E-003
   3.8574407826445258E-003   2.1924339245038265E-003
   5.6157563839181121E-003   5.9550311444117833E-003
   6.8174717048264440E-003   5.9057371718370067E-003
   5.3162821593304545E-003   5.9537594234355534E-003
   3.9411340858513180E-003   9.4378842084844993E-003
   7.3322830755879562E-003   3.3676577747648851E-004
   3.5472256147988262E-003   2.7770013561365203E-003
   5.6219203423810756E-003   7.2669470716579571E-004
   7.5502134894720341E-004   5.3905779520937143E-003
   7.1656410615731220E-003   5.8855339912164649E-003
   8.9528029826249945E-003   9.8147927829133307E-003
   3.1236908413114451E-003   2.5518750783763244E-003
   8.7338779162307641E-003   7.3749925975571352E-003
   7.5924769079277650E-004   3.1314245439746534E-003
   6.1019086307389234E-003   1.3178363448557613E-003
   2.1035396503766720E-003   3.4041823835131630E-003
   1.2926375499426562E-003   2.7034915996266024E-003
   2.8824899359059008E-005   8.3216209934659398E-003
   8.4692151325145813E-003   4.4455826303202578E-003
   2.1258909265165641E-003   1.8160622575395099E-003
   3.0967029757316706E-003   4.9782572337325002E-003
   3.1247902676112905E-003   2.5290469650780072E-003
   7.2379699010578780E-003   3.3585540965937796E-003
   1.7357575715220336E-003   7.4795652215739550E-003
   4.8229945846009047E-003   6.7653036707850658E-003
   2.7038906713500112E-003   3.0477531268483741E-006
   3.8076699729113236E-003   1.7209942460623543E-003
   9.3167610509864805E-003   9.7098816231404820E-003
   7.2559234719983875E-003   5.3030182632166044E-003
   8.1675630100851715E-003   3.4290733763152146E-003
   5.5780913706766867E-003   2.7099382144910927E-003
   8.3386236840573245E-003   1.9330997029007877E-005
   8.8502815965797194E-003   4.4727427905764169E-003
   4.3099988271994511E-003   3.8230246882061591E-003
   4.4395830502917911E-003   6.9895260999861758E-003
   4.1938237865426688E-003   7.5499718112638087E-003
   7.3298900422313672E-003   5.4205525691716711E-003
   5.6981667902777748E-003   6.6086747714358728E-003
   7.7062579839053836E-003   7.3434109833759309E-003
   1.7552389771469119E-003   7.8190895765177394E-003
   5.7896594543893169E-003   3.0011776848701656E-003
   3.2105431906928046E-003   8.9999800589866843E-004
   3.5064667479630870E-004   6.7741093257321552E-003
   5.9806914096608250E-003   4.6845255441425957E-003
   5.2998121852519979E-003   8.7372823659038548E-003
   7.6337326353572927E-003   6.1131045250748771E-003
   8.5688917937543664E-003   5.0505963177655804E-003
   4.2865173911147371E-003   4.7075003407464830E-003
   7.6484163327368050E-003   8.3711138034104904E-003
   7.3357848484701411E-003   1.0671489877007664E-003
   5.5135926257416572E-004   5.7671493877503787E-003
   2.8885114020148813E-003   9.0007279110144497E-003
   1.4022812253806187E-003   9.8850973927812179E-003
   6.0085519244934210E-003   3.5318951138909420E-003
   8.4686665835178761E-003   1.4042169793528584E-003
   7.1602216955089113E-003   9.4153638972972352E-004
   8.1677818708903067E-003   3.0525843627064418E-003
   6.7577185140725781E-003   3.7625432031986039E-005
   1.2536109430965087E-003   5.9586130110354223E-003
   3.2747159727265669E-003   1.9126255074109070E-003
   6.5670046054604487E-003   8.9884363156689500E-004
   9.3422764955751018E-003   7.0198886129166412E-003
   8.6304801556423682E-003   3.5242987813075533E-003
   5.3523024569043440E-003   8.5015087428044096E-003
   7.6725152356887771E-003   5.2571659932179222E-003
   3.9580203611208221E-003   8.1756161563916203E-003
   8.9739877772396382E-003   1.2144795624606682E-003
   3.0757561340349522E-003   4.4073117917437627E-004
   4.1038617510832202E-003   3.9741764794914876E-003
   8.5571273269863454E-003   6.7911990949843072E-003
   2.3994222294536523E-003   2.7872109798654965E-003
   3.0802004053630868E-004   1.1669276287625207E-003
   8.0130435563684644E-004   7.8427535518271630E-003
   2.8929347185850771E-004   9.2915650500411014E-003
   7.6541677152990213E-005   3.4811631792602891E-003
   4.5935786350600324E-003   5.7348702129604622E-004
   1.5855878598920944E-003   8.4904301951129139E-003
   5.7703261290538710E-003   1.3957940979841138E-003
   7.3732300695838549E-003   4.0899878386827133E-003
   9.3113924420026098E-003   2.4600513290893525E-003
   4.1826372054324656E-003   4.1394573655628864E-003
   3.8375891762960652E-003   4.1834735331048598E-003
   7.0160962673910410E-003   5.1123509207332283E-003
   1.7561367721092593E-003   1.6586743302916523E-003
   6.9278189944698568E-003   3.7129572609965493E-003
   2.9202941818722962E-003   1.5391851782515576E-003
   8.3085093685931113E-003   6.0237227035796845E-003
   6.9444631258698472E-003   2.0845630215874703E-003
   2.9623843743290679E-003   1.0857544844438110E-004
   6.3791386812828196E-003   4.8649567202036070E-003
   7.6863826288312590E-003   5.0427191914258146E-003
   7.4939103831974377E-003   8.5054473059742938E-003
   9.4050844243751298E-003   6.7844465406539135E-003
   9.0685961810260066E-003   2.5966851984135274E-003
   8.2388897464791729E-003   9.7790593326925576E-004
   4.9109947890560116E-003   7.6859644649950624E-003
   8.4349280262528588E-003   5.0492403120963088E-003
   2.2316444675585462E-003   4.4898204526350929E-003
   8.5711437317408361E-003   2.0027598375467397E-003
   8.6786723736108611E-003   2.6753903379083568E-003
   6.9577726567898752E-003   9.6945222512327713E-003
   3.1291190549401189E-003   4.2716157642526623E-003
   4.2265439425718714E-003   2.0137201072712059E-003
   3.0713789179322212E-003   3.8207136112361744E-003
   4.4030468000113253E-003   2.0075677903404312E-003
   4.3222033438841826E-003   4.8197815217169851E-003
   6.0680354973618109E-003   8.5889701771498517E-003
   7.9970806874321218E-003   7.3462245088751540E-003
   5.7473271180630324E-003   2.7520908055603927E-003
   5.4275970931293429E-003   2.1403376023007266E-003
   8.5052382240561955E-003   3.9200331102684297E-003
   5.7146493372109948E-003   1.0111634624242612E-003
   6.6466238380626886E-003   5.2977381298773638E-003
   4.3134312165497950E-003   5.5287303428765066E-003
   7.9621737859967047E-003   2.8050523264357132E-003
   6.9282436775640788E-004   7.8215566500190441E-003
   3.1927526012029278E-003   8.2356543318534529E-003
   6.0692708967576134E-004   1.9089765855618644E-003
   3.1741336002825450E-004   7.4444990639782041E-003
   3.6794594506171811E-003   2.4635526363102501E-003
   1.4588404453633541E-003   5.2386894846515215E-005
   1.1661062022513273E-003   5.5688815217320260E-003
   7.7668223566221177E-003   2.3908182058440608E-003
   7.0420508305737983E-003   3.0221557258731479E-004
   2.5229635660177861E-003   1.4596101834716323E-003
   8.8104470673997168E-003   6.5194978409071911E-003
   9.3014999336104368E-003   2.6360903878864324E-003
   9.6641015306413646E-004   3.0649960986641220E-003
   6.1066271765654106E-003   2.2713691006746931E-003
   8.3536449858702937E-003   5.2556106845175901E-003
   2.5132298481246595E-003   3.7150629813387354E-003
   9.6114366360061966E-003   5.2217291692373017E-003
   2.6610298094623861E-003   7.3221032541813807E-003
   7.8086424655321252E-003   3.0063353492907879E-003
   7.9681845418960711E-003   3.5533686185038505E-003
   7.9946732185756197E-004   4.0009333770726499E-003
   7.8649083189037197E-003   9.6027273729456250E-005
   5.6943651315264241E-003   2.0656036222659068E-004
   4.8184404172089143E-003   1.3640727854166519E-003
   4.5614158755919974E-003   5.1306793490101957E-003
   5.8373296660544955E-004   8.4557156117892433E-003
   4.0150196310202680E-003   7.9805064052252597E-003
   7.1145026046384608E-003   6.8730143862185140E-003
   1.5572598211268242E-004   6.3849990285863162E-003
   1.9772220412163167E-003   8.5363411384338245E-003
   9.3232146507702830E-003   3.7283841537909508E-003
   9.7729419403583470E-003   1.3369950472083851E-003
   8.8719553355462635E-003   2.7501550515881532E-003
   9.6178501889192733E-003   6.3848532766033212E-003
   1.5031374066617048E-003   9.8987454594572748E-003
   6.7359572307839795E-003   8.7645868811591469E-003
   3.2312283307459337E-004   1.9460613848390344E-003
   7.6617267949794076E-003   9.7844279416764279E-003
   8.1280120686292711E-003   2.9507167651088521E-003
   4.9558603227864298E-003   8.7354751344469726E-004
   9.4500687017338679E-003   8.7448568124067309E-003
   6.2880483485236987E-003   4.2012389768852102E-003
   2.4299463268508885E-004   2.5878138852248964E-003
   2.1558776507879969E-003   4.8793354094397905E-003
   6.9902264545626128E-003   6.3225040241715056E-003
   7.1366620283278923E-003   4.0909741092896900E-003
   3.9870790224462186E-003   4.6009356177416335E-003
   9.6408310391198990E-003   3.0474131941084811E-004
   9.3091437636451529E-003   7.3381369036334271E-003
   1.4214799746039696E-003   6.0863741701871034E-003
   6.2677715934197284E-003   4.9543366790536494E-003
   1.3424302457563720E-003   7.1787927333166789E-004
   1.8327198931168392E-003   8.1554325335451549E-003
   6.8472339803572905E-003   5.3051547172037672E-003
   9.8159536765031301E-003   5.8472869013656333E-003
   9.1867707712514190E-004   9.9650844978006019E-003
   4.3201553655416499E-003   1.2618070474182288E-004
   9.4896690032862455E-003   5.5775875251635855E-003
   5.7563344043476206E-003   3.7812273966992401E-003
   1.5817349783991161E-003   7.1116536888813850E-003
   4.0467311647006919E-003   6.7014829286846716E-003
   8.2656294145926970E-003   9.2475474855152652E-003
   1.9883951181491814E-003   2.0493003549283840E-003
   9.3676289587130905E-004   4.0700752307055868E-003
   8.0355163701044015E-003   8.5335443767409515E-003
   2.8609498417288765E-003   3.4013208949013247E-003
   6.9227754170646779E-003   3.5128630714085247E-003
   9.8657207609460316E-003   8.4806578273329217E-003
   2.8723841546440423E-003   7.7818543686446985E-003
   5.9545575668823710E-003   6.3580563321514322E-003
   6.2004243983889117E-003   9.9753495352227946E-003
   8.3216605746753796E-004   1.5112347907904698E-003
   9.3501512936084302E-003   2.2416305738695110E-003
   1.9741696314765932E-003   9.1730426108339071E-003
   8.8969650719766345E-003   7.7319378069285018E-003
   9.8491506696907569E-003   4.1854837928831040E-003
   3.4632161275778041E-004   6.2045459664447911E-003
   2.0383996898487209E-004   2.2193556661807726E-004
   1.5512346297275436E-003   8.4146373013102623E-003
   5.8712293421249971E-003   5.0928434380762486E-003
   5.1660547057008630E-003   8.3568645680122378E-004
   9.8776575223904380E-003   9.7456006378613420E-003
   2.6768352848835454E-004   2.8835474526898693E-003
   1.8384461299695289E-003   1.4004842384720613E-003
   8.9564793784900013E-003   3.8256049174003326E-003
   5.9936847565666236E-003   7.7818189783868466E-003
   3.0101975440095167E-004   2.6674452250206124E-003
   8.3777830043704170E-003   3.0249953284044728E-003
   7.6104397920940259E-003   7.1871196884601939E-003
   2.9894444174084090E-003   4.5334724730502225E-003
   5.5519458863660439E-003   3.7341788428529067E-003
   5.8874487904307660E-003   5.8676386279368957E-003
   3.4545636751943101E-003   1.5160730115678501E-003
   3.2620276339640972E-003   6.6925538734963885E-003
   4.2876820099948358E-003   6.9150934028043851E-003
   8.7370877194856700E-003   3.0152020058665436E-003
   7.3582571965447891E-003   9.5665431625985269E-003
   3.0353916823097466E-003   1.2194644665436188E-004
   3.3583226629338801E-003   4.1933781486905080E-003
   7.7239326237346665E-003   7.1161449919995593E-003
   9.3586137561866146E-004   3.8839308563079363E-003
   8.9598167729376902E-003   8.6882091167793645E-003
   7.8317564948609825E-003   3.9186519588896313E-003
   4.2831595075703971E-003   1.9975318582717014E-003
   3.6241528594978868E-003   2.4055973637875159E-003
   5.3064767295990497E-003   8.2803987936491148E-003
   7.2495099190853117E-003   3.7024756910756583E-003
   6.0539981378493826E-003   2.1941806199933314E-003
   2.7000694548245845E-003   3.3035799876337778E-003
   2.5108191196391450E-003   4.1082017142829493E-003
   4.6910522527485402E-003   5.0393128791075730E-003
   2.3425407718599498E-003   8.4922737481502222E-003
   3.9999010059982082E-003   3.0341604738655316E-003
   8.4671289699464712E-003   5.5595673646589589E-003
   5.9237545383739078E-003   3.9917635749987159E-003
   8.2024810873914892E-003   4.6111834256961862E-003
   1.1897203518029863E-003   3.5721231268589027E-003
   8.8924756315036102E-003   6.6678114266450570E-003
   7.5887171586922920E-003   7.6421173325004607E-003
   3.3820560217751451E-004   1.6267895706122693E-003
   8.1264902875416399E-003   7.5105251779363142E-004
   4.0997415800112028E-003   9.8095852927349448E-003
   9.2830355322375130E-003   7.3359245468563984E-003
   1.8832138748295670E-003   8.8206632103867192E-004
   7.5484626030309417E-003   5.8377720442776438E-004
   4.4952891787957815E-004   4.1571930070208353E-003
   5.9876344194578169E-003   8.8770538609833707E-003
   5.1997127035631396E-003   8.7977666448791356E-004
   8.4244054781386652E-003   5.5988277334714440E-003
   2.5668852043183917E-003   5.8037918088044002E-003
   8.5473102557227527E-003   9.9857840733536454E-003
   6.2132393970215877E-004   4.0581091326000679E-003
   3.1689135372493945E-004   9.8711336077522173E-003
   3.1492910362543964E-003   7.7752256802167863E-004
   8.1666591615260856E-003   4.6621053501321496E-003
   9.9930744664711302E-003   8.3059179635280363E-003
   7.3345261660099619E-003   4.9198842630348563E-003
   8.5120103361606640E-003   9.1619342608200080E-003
   2.2665970038001412E-004   1.8644761302808654E-003
   1.1655096901420083E-003   2.5794468832106548E-004
   9.7309690945460315E-003   8.4427790755605228E-004
   1.4920895926151842E-003   9.6206385687089713E-003
   3.8041551615130881E-003   1.5037450946419244E-003
   2.9504182762235490E-003   8.0368891395800231E-003
   6.1508216923805053E-003   6.3328999124154916E-003
   5.2302470455087009E-004   8.0017028413720912E-003
   2.5405888457505914E-003   7.5929276680540888E-003
   1.7592995435741262E-003   4.2251623255317857E-003
   1.4931829653182919E-003   7.4116243084015442E-003
   5.4093333917713416E-003   8.9807566297150955E-003
   6.2431506841644415E-003   1.2599462649132806E-003
   5.9747416553901237E-003   1.6986615963739630E-003
   5.6338557068416175E-003   6.2161451234557415E-003
   2.0547723407180851E-003   2.4042045708765297E-004
   7.4813533609180494E-003   2.7211555292462725E-003
   2.7167228994503258E-003   9.1813355727034321E-003
   4.1363588553556983E-003   2.5041289639212792E-003
   5.5361976872832508E-003   7.6507357916099656E-003
   9.1056278949163977E-003   6.4109829284301877E-003
   8.7971300858990902E-003   8.3766183854903174E-003
   7.4493270402072589E-003   7.3710116592100878E-003
   6.1488635866664646E-003   9.2160780957043532E-003
   3.0226516551443618E-003   3.3232453294672285E-003
   1.4216820716027553E-003   1.7526503660495628E-003
   1.8865428873740802E-004   2.3182993765539952E-003
   8.3664581218578192E-003   3.2693692498232097E-003
   7.8356061167249493E-003   7.0935701984416559E-003
   8.1037860401458051E-003   9.6189701043157706E-003
   9.5167127482205221E-003   1.8583103091727525E-003
   3.4067756512233876E-003   2.9913149788003950E-004
   2.1134386780268695E-003   2.0613106908562179E-003
   1.2728557927873245E-003   1.1572334920788340E-003
   4.7248527429647989E-003   8.3898664491203929E-003
   8.4854103664333980E-003   5.5765593450407313E-003
   3.8674264232942028E-003   6.7998529443516640E-003
   1.3959328650477961E-003   8.6507466661980125E-003
   5.5246893342233679E-004   2.4006166506561530E-003
   8.8894092519252611E-003   4.4659287689560690E-003
   4.1413269956322978E-003   3.6325268464314411E-003
   1.4725937514903926E-003   5.4380865792921220E-003
   7.8965649045522161E-003   1.3567344291865520E-003
   9.2518120115864140E-003   7.5014852953615993E-003
   8.9983139228999223E-003   5.4235202285570650E-003
   2.8299135169153633E-003   4.2784200069859715E-003
   5.2291108319671409E-004   7.7662370203836996E-003
   3.2487069271731690E-003   8.0727501809935778E-003
   4.8412559576524686E-003   8.0426922105451544E-004
   2.7203978983314698E-004   3.9764102566877428E-003
   5.0631850050125203E-003   8.1102456935263460E-003
   7.2516482357176245E-003   1.8891473309552052E-003
   7.9544168002691198E-004   7.9337358511675782E-003
   9.0169627261427066E-003   9.6995541871057606E-003
   8.5073849225916834E-003   6.0432003839142627E-003
   1.1470201430595574E-003   1.7875642524042932E-003
   4.1562551651877612E-003   9.0382718523211187E-003
   1.2401794089191497E-003   9.6205431081450282E-003
   3.3755125493628497E-003   6.5805180960244120E-003
   9.7790933259665463E-003   1.5417272232201543E-003
   2.5200666871480954E-003   2.2380244928589207E-003
   2.2290833304771610E-004   4.6911621488123960E-003
   6.6461488635494136E-003   7.5725037639832607E-003
   1.0429606777815896E-003   1.4474052011256130E-003
   1.5550097457855054E-003   3.5657729038809302E-003
   5.4054195086496977E-003   5.6037642087804918E-003
   4.0216306243192551E-003   7.8382035753867610E-003
   9.0584261385064698E-003   1.4095865196593043E-003
   8.8130375411422171E-003   9.4861583828395966E-003
   9.7467964560477051E-003   3.1672325000014307E-003
   7.9299584068031788E-003   7.6091261616019193E-003
   1.8665390097845993E-003   4.5297918862336282E-003
   4.8301192023000308E-003   9.7759058744534416E-003
   9.0895961081095024E-003   9.4423564194898845E-003
   4.6476442388480735E-003   5.4541798333889715E-003
   2.1433285447504972E-003   4.6675633660832249E-003
   8.9623858262609622E-003   3.2922145925891656E-003
   8.8808219921220196E-004   2.7432432410974257E-003
   2.0559197301305457E-003   5.6498711955034510E-003
   7.1969297748044735E-003   8.4519619161505075E-004
   4.6803131721356479E-003   9.0411342722555316E-003
   1.5661413788637805E-003   2.8619128292714773E-003
   4.4393464943577286E-003   8.6034257004984783E-003
   2.9373504235117465E-003   8.0883950032705418E-003
   1.3023000216587912E-003   5.6685330372622860E-003
   9.2478888152390201E-004   7.6355398668141753E-003
   2.4234475579221954E-003   3.0184024958956998E-004
   7.7622532880689266E-003   7.2923097793442708E-003
   8.3447773979719621E-003   8.5640614892188750E-003
   6.5749557719449307E-004   2.0026187421766199E-003
   9.2732817909090236E-003   8.1813149192283465E-004
   3.9917938429824048E-003   7.6310015319059612E-003
   3.9285798575396554E-003   2.3135705861791834E-003
   3.3198334292135357E-003   6.1851497768355300E-003
   1.6550617300230366E-003   1.1110045020985438E-003
   6.5688672506105470E-003   1.7395522453540714E-003
   4.8581194155188833E-003   4.9376809061214702E-003
   3.4182718970897944E-003   9.3331676951298338E-003
   9.9791078874744039E-003   3.2015466146178297E-003
   4.9298317194589559E-003   6.9840205865837729E-004
   5.7168202501334349E-003   8.7773553136630700E-003
   1.9834018321630556E-003   8.0360318571496905E-003
   2.8904774239708101E-003   6.9619477758938201E-003
   9.4562694474385443E-003   7.3384214226801048E-003
   5.4115201371775570E-003   1.1427262803272932E-003
   2.6382976223892989E-003   2.4221753712846783E-003
   4.1560251285117237E-003   7.7531202732367072E-003
   9.3683009079509882E-003   1.6691968784058452E-003
   9.9186762282246141E-003   6.5622520663599724E-003
   8.0693024248207467E-003   4.5150779208704261E-003
   7.2432789053969455E-003   8.3440174387507220E-003
   1.2483391916604429E-003   2.5931363937413024E-003
   1.2289998127282596E-003   6.5199984267912802E-003
   3.1603956609779949E-003   9.4677764035145644E-003
   8.7307035032337076E-003   5.7706241522778867E-003
   9.3144136524360693E-003   1.8635327005123406E-003
   3.6487476917210723E-003   8.6264452005859675E-004
   5.4289437855728640E-003   2.9011005549231081E-003
   8.7629924569106628E-003   9.0894955252713971E-003
   4.4583822621304461E-003   6.1796596302556156E-003
   5.9368396205533485E-003   6.0011213673283911E-004
   2.4777273659024983E-003   5.4344255502496034E-003
   5.6308801312143358E-003   5.0962148257979265E-003
   7.0789479683520959E-003   7.0846653576403231E-003
   6.4709344908925404E-003   9.0252459091251930E-003
   8.6334571282535126E-003   1.1104582814082775E-003
   1.0039201010968164E-003   3.3528502114828912E-003
   9.2093073805837467E-003   9.3696075535237826E-003
   4.4981716221655587E-004   3.0823792345274145E-003
   8.0264322497073711E-003   5.5546080719468221E-004
   8.0725890621880948E-003   6.3619157329024359E-003
   1.6247099273021845E-003   3.6252206208301804E-003
   6.9986269841895562E-003   8.4405131677354282E-003
   8.4053995126883493E-003   9.5481285869833681E-004
   9.2145055575363830E-006   4.0105469543535947E-003
   4.5259529745792755E-003   9.0375500773254552E-003
   5.1622986817556893E-003   8.5838702547288825E-003
   8.9014088776434817E-003   5.8610509177022853E-003
   5.5926986996050450E-003   2.5447146047580592E-003
   5.0326790684054974E-003   2.2228867757240717E-003
   2.6598814887273505E-003   1.0095695038370646E-003
   9.9686742806661295E-003   1.0184980933640609E-003
   5.5475542347634002E-003   3.0136243454244103E-003
   6.4829629876105872E-003   5.5065499644291359E-003
   7.1035674806235209E-003   7.0481831240692102E-003
   4.2710504514496079E-003   5.3867045815040844E-003
   3.6723520623856932E-003   7.2184293564494838E-003
   1.6792244285713995E-003   7.4826660600875814E-003
   3.0669067069268351E-003   4.1713132542424433E-003
   1.9523692326398423E-003   1.4968300245221844E-003
   4.6885292998927316E-003   7.2897495735854611E-003
   9.0416823555909479E-003   2.8767976923272003E-003
   5.7477490071895293E-003   4.0366039630196074E-003
   1.8846830361917070E-003   5.0490722083715127E-003
   2.0060222605271369E-004   8.9937835042335941E-003
   2.7728891013063905E-003   3.2204221949076383E-003
   7.5063644943322823E-003   6.7775012025504842E-003
   7.2406590949933318E-003   9.0590440710350151E-003
   5.3084390262646787E-003   9.2265126338352040E-003
   6.5210075148013453E-003   6.0339029906475465E-003
   5.8943443027764299E-003   9.1585209635824533E-003
   6.9091804357753975E-003   5.2211564058536461E-003
   3.5184887254231093E-003   4.5134280829287263E-003
   7.9064765050571775E-003   4.8916409746239155E-003
   2.3719389002639516E-005   6.7528924004886734E-003
   5.0069242739150879E-003   8.4676775189431747E-003
   9.8531870217310209E-003   8.7335458997327576E-003
   7.7903880773998744E-003   5.6406357351879753E-003
   6.2388186372066001E-003   9.6408841245066764E-003
   3.4978711062566710E-003   1.1776313191175607E-003
   5.8528911349609919E-003   4.3442510088646091E-003
   9.9451136821625350E-003   6.3288086123433002E-003
   3.6161653714329774E-003   3.9357929508834115E-003
   4.6099256745585826E-004   4.1961944681574567E-003
   7.5973928941401618E-003   5.4583712506379800E-003
   2.8933715088727751E-003   6.5203295119667095E-003
   4.9197291978261108E-003   5.7071619693688869E-003
   3.4925960951915926E-003   8.6484011302927514E-004
   1.3413433923112896E-003   2.3518139507397143E-003
   4.0248041059937345E-003   8.5907927754292224E-003
   3.7701060081692908E-003   2.7340389800882148E-003
   2.3794602613800486E-003   7.1871341239601065E-003
   4.9475654982717547E-003   8.9474986348988018E-003
   1.7723999925760552E-003   7.6791835053261290E-003
   1.5691504821037643E-003   8.1504127048656408E-003
   2.6543540892444337E-003   5.0224419706605570E-003
   7.7079143411051083E-003   8.1590688825394341E-003
   3.0856947428945895E-003   2.1865344616521778E-003
   9.2609566679508221E-003   9.9272276321087163E-003
   6.8458360651721412E-003   4.2909653877331718E-003
   8.6653349030135825E-003   3.4680380502101213E-003
   7.3656979982581446E-003   1.5772306367648908E-003
   9.2597552618290096E-003   4.6350318028754705E-003
   1.8234848984626517E-003   3.3202734791302467E-003
   3.2906583525662584E-003   8.4768589625492975E-003
   6.1497911839512136E-003   2.8117923079113440E-003
   1.2904615147460538E-003   6.9943261365379792E-003
   3.4174239278852120E-003   1.9008871176749874E-003
   8.3269286008211454E-003   8.5038491564355095E-003
   7.7243428713289755E-003   8.9266593609595019E-003
   1.1063776915456996E-003   6.3119810103960247E-003
   2.0998166883829127E-003   7.4534108896988499E-003
   1.5487154021620356E-003   7.0071602272834448E-003
   7.7268700151363716E-003   9.7525306091422823E-003
   8.5554313885771813E-003   7.4991541949562517E-003
   5.5231712784260378E-004   9.7597781614213158E-003
   7.6647354325581046E-003   6.6262902722816408E-003
   8.9645781596026288E-003   4.4796247987447420E-003
   9.4027905768727833E-003   3.2622129671565320E-003
   6.6119930737707734E-003   2.7055256081305098E-003
   8.6057968477745526E-003   7.5310906430385502E-003
   1.5017353005249683E-003   7.5699589250469391E-003
   9.9353203596246054E-003   7.4479947832636513E-003
   5.9714806293935888E-003   9.1644120445309261E-003
   8.7134256068213956E-003   2.6465137501463826E-003
   9.1388858897326914E-003   5.0442381785457202E-003
   1.9502621153137936E-003   2.5421185430801094E-003
   1.7275656581519012E-003   7.6329489274103886E-003
   4.2270477880849726E-003   3.2217293061417200E-003
   9.4402986622603140E-003   1.3590790337692383E-003
   6.5089878656477609E-003   6.8810563566540630E-003
   7.5591262465152546E-004   6.8597905369753905E-003
   4.6712821371253967E-003   5.2585671680320835E-003
   1.3431906706388996E-004   1.8233172603991429E-003
   6.6968952336799795E-003   1.3069501152760117E-003
   4.3901056071697295E-003   7.1838139589800567E-003
   1.3449909171764697E-003   6.0987789212254709E-003
   6.5943850235056067E-003   9.0277814348357650E-003
   5.0972835184527948E-003   3.8304943609193407E-003
   3.5203080640734677E-003   4.0147644486347046E-003
   7.4622985010325436E-003   9.4719305678605710E-003
   4.9655353673573287E-003   3.1280685230754635E-003
   1.4882711700574826E-003   1.3924380770849241E-003
   4.9375253752514375E-003   8.8906157803212375E-003
   6.3754222385470861E-003   8.9007210959218073E-003
   6.4118099428768314E-003   8.8609703857735599E-003
   5.6924726840539243E-003   8.9710382786444571E-003
   5.9689511572797553E-003   1.9595664934998224E-003
   7.3427166823962315E-003   8.4590362424305805E-003
   6.1564771487174919E-003   2.8471057316507707E-003
   2.1930164667745200E-003   6.5061324306326601E-003
   7.4900756624946725E-003   4.6378625578423326E-003
   1.9937697807297901E-003   4.3988199925044649E-003
   4.2023803127009332E-003   5.7345018748820300E-003
   6.8075978228857728E-003   9.5515833280755136E-003
   4.9468153179375524E-003   3.3731134624095231E-003
   9.0537532274861596E-003   8.8735302020206720E-003
   4.4447467683091510E-003   4.9801077716891224E-004
   8.7033566128012531E-003   8.1456205845557243E-003
   7.7567733860373373E-003   8.2629439459475425E-003
   1.3730856596366901E-003   1.8779379324419135E-003
   8.9346785139919633E-003   3.1767701744925092E-003
   8.3965435663222072E-004   9.3899294777726426E-004
   5.4806354481171052E-003   1.5308773152208316E-003
   4.2495597173690608E-004   8.5319438988957293E-004
   4.1087060254573387E-003   1.8029101201346657E-004
   1.2954790151191312E-003   9.4905695922163167E-003
   8.7131327058715437E-003   4.1966792215577696E-005
