   1.0293780981281975E-003   5.6275052568052208E-003
   9.6119415453824741E-003   5.5972388016648500E-003
   4.2918871396652181E-003   3.5365916394375363E-003
   1.5060434249462018E-003   6.5702048138692737E-003
   4.5850463169200273E-003   2.9836926700433919E-003
   5.6128029284457925E-003   3.9249905960013765E-003
   6.0274575086646243E-003   3.1943785968114868E-003
   8.0196090290506339E-003   4.4893454594164828E-003
   8.0039887550354960E-003   4.5714652361469321E-003
   8.2251041109934198E-003   3.8661246430701235E-003
   6.7278410609526995E-003   9.3723149719601162E-003
   5.6778761733283778E-003   3.5698887670859714E-003
   6.9585968506402640E-004   1.2766944137544423E-003
   8.8271336147923707E-003   6.2042469871802508E-003
   2.7919604983578372E-003   7.8096565142337093E-003
   2.5891367461902126E-003   7.8701157899038199E-003
   4.7939446109276362E-003   7.7427240463190383E-004
   5.6178039461668439E-003   2.7813715599674937E-003
   7.1108516044368075E-003   8.3945632752341348E-003
   8.5578814442325291E-003   4.5623920902980730E-003
   9.9990457947959355E-003   5.4011287579921463E-003
   1.2016492860570382E-003   5.3052557692978564E-004
   9.8085595646180135E-004   4.6036417087872428E-003
   8.7597141831546876E-003   5.6519769549187027E-003
   1.1313449845241630E-003   2.1586869623463345E-003
   5.2242396143186154E-003   7.1568709239470119E-003
   6.2194145371919918E-003   5.8796699130169161E-003
   6.0299653711891610E-003   1.8029354458207747E-003
   4.5055847662031079E-003   4.5029535097941276E-003
   9.5506926438605477E-003   3.6490469803821535E-003
   7.5456989501743177E-004   3.9707350166656719E-003
   7.6358578634697638E-003   8.9018887811332936E-003
   2.0868311830551933E-003   6.5598837227748286E-003
   1.8671578458743232E-003   8.3690901369576354E-003
   5.3161563668270295E-003   9.4517051201593594E-003
   7.7737597638730671E-003   7.0095102114794416E-003
   3.3069478378068284E-003   9.5143519457038250E-003
   8.9555791530041562E-003   3.7761398440238070E-003
   9.1084318407675946E-003   6.6900341373810068E-004
   5.1520455729007208E-003   8.0623324446605915E-003
   1.4152866622618721E-004   9.5605544894715733E-003
   9.3102916655973811E-004   2.0999264410411778E-003
   8.5102177361578990E-003   8.2003469246439975E-003
   5.0561312109346224E-003   3.2916787703921591E-003
   7.9086209584010581E-003   9.7828404282224168E-003
   6.2330236367792446E-003   7.9350197371247377E-003
   8.4397477271277443E-003   6.8239925086673869E-003
   6.3682744373149136E-003   8.1977648369947476E-003
   1.3669105820134364E-003   6.1478594662894848E-003
   5.6989318893027052E-003   3.4335240629633779E-003
   7.8423883733858002E-004   2.9900784388025015E-003
   4.5657108806954616E-003   8.7538868916247070E-003
   5.6946788828052819E-003   3.7456007860273699E-003
   6.2624434742052371E-003   4.7431633103333093E-003
   9.9779244714642834E-003   3.9820134571412202E-003
   5.0351976385293318E-003   8.8435499683839902E-003
   9.4002248955514789E-003   3.3652563648799427E-003
   5.5808458387091031E-003   9.5377367445260708E-003
   3.9952462822678836E-004   6.2764001643701439E-003
   5.5508315387239326E-003   9.4340209822570964E-003
   7.5186046898020331E-003   9.8463661694839777E-003
   2.2946088028817924E-003   5.0577036321303170E-003
   3.4759120039512537E-003   5.8351370260362190E-003
   8.1063566613793769E-003   5.5951359845350934E-003
   4.0412248687687891E-003   5.2391210476522287E-003
   4.0521463695500914E-003   9.1373468214021036E-003
   8.1077434961426276E-003   7.7650149056706086E-003
   5.7027879570815676E-003   1.4598301263591962E-003
   1.6736651487802012E-003   9.2962873294445414E-003
   2.4646997684568683E-003   7.1926137786620936E-003
   9.4134426050228592E-003   7.3399145748039851E-003
   9.2423450742628033E-003   5.7529292614159067E-003
   2.2544033942447639E-003   6.0949367706318869E-003
   9.9604904999587296E-003   1.1180895669434809E-003
   2.6919567146014289E-003   1.7027686258187513E-003
   6.7297946537955289E-003   8.0531672184992464E-003
   9.1475778538641084E-004   7.1682221611012453E-003
   5.5252378486959630E-003   6.8836077606507784E-003
   8.5291510164339224E-003   6.8693138522296637E-003
   1.3502776568096175E-003   5.9155163128122856E-003
   4.0078581303023553E-003   8.6319255589223376E-003
   9.6105980907151833E-003   5.1511474328658213E-004
   4.0301432758936828E-003   1.5029472240960517E-003
   1.3470861625158870E-003   1.7794697432512718E-003
   3.3944749588429302E-003   9.7990336626551100E-003
   3.3258951098148470E-003   3.5730102637364647E-003
   5.5014085899663945E-003   9.0279801397931125E-003
   5.5323460372364019E-003   3.7922717051493970E-003
   1.1452495374867366E-003   3.0479303141927039E-003
   5.4416023240678735E-003   1.5148355539594816E-003
   5.7406430133509767E-003   3.5958772120420202E-003
   2.1821051332432395E-003   4.9506076909422436E-004
   5.1563546753904399E-003   3.0230569796861895E-003
   4.4967055992976013E-003   2.5972331703537632E-003
   7.3570056624749913E-004   3.1190333261318370E-003
   6.5642191763426450E-004   9.6622794844566373E-003
   9.1085267312432938E-003   4.9795022779889342E-003
   9.0638030031487959E-003   4.7523740448235374E-003
   4.2781905059562364E-003   1.0539489312699768E-004
   1.0625022634590531E-003   4.7581945590012831E-003
   5.6877328498793345E-003   6.4030036789332057E-003
   1.1945260517151057E-003   5.5520462429992090E-004
   5.6822003302060553E-003   1.4431832212334905E-003
   8.4548842528209267E-004   5.1250991254792044E-004
   6.2036945311455538E-003   8.8976910753072458E-003
   7.6141907425408828E-004   8.2471021265794198E-003
   3.3503444459982434E-003   6.8773174642899892E-004
   3.3660092241938333E-004   7.4697417353364326E-004
   5.8852555271904361E-004   8.3043545100934812E-003
   4.4924381403120828E-003   6.8106420554442382E-003
   8.2162889682927398E-003   5.8172863477646830E-003
   6.9408234333515617E-003   9.1214678179410980E-003
   9.6949145465742292E-003   5.9161733872193922E-003
   9.2411946748075513E-003   1.7007851671179131E-003
   4.5882980189878575E-003   1.1309877553687953E-003
   9.6048860744343267E-003   8.1581048408384538E-003
   8.1147228858846621E-004   3.9803061787958560E-003
   6.2360986859598677E-003   8.5515017591878406E-003
   8.1212695268951807E-003   7.0343092677943586E-003
   1.0628534157086644E-004   1.7500396928290529E-003
   7.7910989742119297E-003   6.7478298316295815E-003
   8.3782869096219459E-003   8.0463471998034608E-003
   7.7541511586544098E-003   5.3164431264353107E-003
   8.8614096154663313E-003   3.4032445126453981E-003
   7.8530322602884395E-003   4.3249543371052246E-003
   2.1117221119061336E-003   5.3807879100070677E-003
   6.7188879094496334E-003   6.7355889521102386E-003
   1.2137791528742392E-003   5.7895072967596439E-003
   6.5952648610719811E-003   2.4914424343197572E-003
   9.4809671415435615E-003   3.7477188241960002E-003
   6.1746031988226813E-003   2.6079597202824933E-003
   9.5015769747958112E-003   4.6950397228310292E-003
   7.7814524052391976E-003   3.8104166679250318E-003
   2.9460467255265632E-003   3.6991636095776714E-003
   8.1217983159748153E-003   1.9329656962718822E-005
   6.7047211798910711E-003   8.4474353752593823E-003
   4.7954767280183885E-003   2.2889132778175503E-003
   2.9129744746078101E-003   1.6512595221650495E-003
   4.6286245292251893E-003   7.1899547927941621E-003
   2.6092372651981277E-003   5.9518920011828458E-003
   3.7693453819568346E-003   7.0962858624191716E-003
   3.3364980841071867E-003   6.1142216741717492E-003
   1.4323320594401556E-003   7.1482419882166193E-003
   7.0525497807946147E-003   8.7026823266272979E-003
   3.9355139050246679E-003   9.5113725833229079E-004
   9.4683707583235188E-003   6.1201177786270877E-003
   2.0630773861566309E-003   5.7214680499869663E-003
   4.0640201791969366E-003   6.3218281478346627E-003
   4.0581207863576996E-004   2.7674153929512224E-003
   5.0686358996617775E-003   9.1345802466790138E-003
   3.8853859774968802E-003   1.1467614077446120E-003
   7.6883283138658998E-003   7.4547337841412986E-004
   3.1955324036229138E-003   1.3590644505456773E-005
   1.5191461158027275E-003   9.3736366921296499E-003
   8.4699051819148163E-004   8.9157522709725212E-003
   6.9984535339518983E-003   7.7344928757067111E-003
   9.9734274569031056E-003   8.2715220709067561E-003
   6.9862391063385543E-003   7.6840879241310001E-003
   6.5514489736816506E-003   2.3794938477784688E-003
   2.3057686870997518E-004   4.4850054492485691E-003
   7.0354700901764655E-004   3.4211131695672803E-003
   3.8534525948475951E-003   9.5672769135001223E-003
   1.8288541106692424E-004   5.5075367905682571E-003
   7.4279393886135248E-003   2.4222776293766346E-003
   7.9978543748208120E-003   4.1639492462480776E-003
   6.8954704376925635E-003   1.7387570506409711E-003
   9.4496181893267694E-003   6.3158443737731940E-004
   4.6527643307551214E-003   4.8363205350369087E-003
   4.0420371466144411E-003   9.7945840064278533E-003
   6.0678252636984231E-003   9.3109100810829792E-003
   5.0330600639048040E-004   7.2277494332034786E-003
   1.2861658124933006E-003   2.3916407252136951E-003
   3.3165262524527117E-003   6.5835912014133857E-004
   7.6599917776876136E-004   2.8558646513824337E-003
   3.1509280930624994E-003   8.4728951443996392E-003
   7.6261102646768553E-004   7.9011023565517258E-003
   3.7268936408155762E-003   3.2435764059413064E-004
   1.8622097903931989E-003   2.1258841493304592E-003
   7.6980842333690402E-003   5.3059706695403053E-003
   7.1270746871517909E-003   9.3282319344308862E-003
   9.3165259395810995E-004   8.2219369787291940E-003
   3.5658671374646511E-003   3.1241341198015027E-003
   5.8395383500636777E-003   6.1980595152061335E-003
   6.1207170099529806E-003   4.1422367661129167E-003
   9.0057615324622420E-003   9.6643925116947083E-003
   4.5425288098088767E-004   1.1528706079900752E-003
   6.9906680810077892E-003   1.5682786128369264E-003
   1.9016095627694130E-003   2.5202572250456745E-003
   2.3085445840810292E-003   3.6070988222115519E-003
   3.2333286348873447E-004   7.4403064484090953E-003
   2.6197367321952880E-003   3.9558459351513031E-003
   9.8185274355796492E-003   9.1397387766430915E-003
   6.9008762869863238E-003   5.5930021835312038E-003
   6.3101516492448662E-003   7.5604396759184622E-003
   9.6174641045471132E-003   5.4089667629863003E-003
   1.8701949447240684E-003   8.5568730574484553E-003
   1.4052860377721244E-003   2.1286922692950183E-003
   5.1976760833557512E-003   4.2886884471123876E-003
   7.5199884319360200E-003   1.1101098577795954E-003
   3.4339341404147072E-003   4.2861276567566220E-003
   2.9262085086553258E-003   9.2019083863935647E-003
   9.8728978605330253E-003   1.5991009612580376E-003
   2.7622208159772121E-005   1.3027107650395164E-003
   4.2623111910863321E-003   3.0807127288653424E-003
   3.5550861509535681E-003   9.9412692850339157E-003
   7.6129423494585291E-003   8.9071613591210630E-003
   9.9899089357083914E-003   8.4163205809361097E-003
   2.0495846630649295E-003   1.3691834802501690E-003
   1.0059012263149425E-003   5.4158469314194990E-003
   1.6849964544297658E-003   8.9997827153321941E-003
   2.7479535869009419E-003   6.6258435228555568E-003
   6.9268324964181227E-003   4.3932360677395588E-003
   9.4499571744589561E-003   5.1881777411447727E-003
   6.4869253699572083E-003   2.5262457798690408E-003
   5.3672212204028957E-003   1.3154704752721402E-003
   9.3276022878109321E-003   1.9810984846302393E-004
   4.0293873047952955E-003   7.3710146480487904E-004
   7.2427353289180596E-003   7.4098180896472465E-003
   6.9940409985201901E-003   8.5977024543859581E-004
   4.4431086356452321E-003   8.6478761253171443E-003
   5.0304861295272785E-003   9.8036200503265336E-003
   7.7078605988228910E-003   9.6985280967650800E-003
   2.2546544259748336E-003   3.5348956990409741E-003
   2.4762291076859677E-003   5.0128943940640491E-003
   7.0327610856940614E-003   5.1213345899984164E-003
   1.6599618105311853E-003   2.0744415710142183E-003
   8.3210368220748565E-003   1.5605942523410077E-003
   2.8351296036587259E-003   5.8097863773202141E-003
   4.4351438179542901E-003   5.1290722091276164E-003
   7.4463132271359589E-003   1.6849059720213111E-003
   3.9052924375139186E-003   1.5638077864160715E-003
   8.1370674026989276E-003   2.2060702691301115E-003
   5.6204642428642204E-003   6.7113401825226182E-003
   1.1029690377678536E-003   6.0453325281525361E-003
   9.4727715063872564E-003   2.0514194091240112E-003
   5.1500220226966542E-003   6.5721054781927579E-003
   4.2827343300394505E-003   1.2062141172214380E-003
   1.2346006730534764E-004   1.5748986174665136E-003
   9.1867274037155111E-003   7.1349355939775982E-005
   9.0068077371269206E-003   3.1373779498736765E-003
   1.8859492561201785E-003   6.6068071284831609E-003
   3.1947390377319307E-003   6.3421101180253237E-003
   6.0467112645529175E-003   9.4669162752890612E-003
   3.6367078988431834E-003   5.6421562932308378E-003
   8.6625825844507398E-003   8.0355212204591409E-003
   8.2124164076761152E-003   5.3687912935612703E-003
   6.8123406769141637E-003   6.4888830785040374E-003
   3.1608016704128827E-003   5.7240672745225707E-003
   3.5331507159596098E-003   2.9596336099929621E-003
   8.2373559281364583E-003   6.5638323909661400E-003
   1.9182696311895731E-003   5.4315654711841743E-003
   9.7658358925932776E-003   4.7433963015209857E-003
   7.7134533172956710E-003   4.7860556235775897E-003
   5.3421897435111942E-003   7.3686777486295929E-003
   4.4105410158035152E-004   3.5238987367679497E-003
   1.8968358177878786E-003   2.4075517701024340E-003
   2.0400282037813522E-004   5.6459847044322276E-003
   1.1829421331904788E-003   3.6835570044789767E-003
   6.8987788493968250E-004   6.1758675653776907E-003
   4.3395703723952961E-003   6.0773350628727796E-003
   9.0643682698970940E-003   3.9735502143846135E-003
   7.8760732344463902E-003   2.4467466766223689E-003
   6.5825698133836763E-004   8.9532709844249991E-003
   6.4983829315740094E-003   9.9976537712745950E-003
   3.5381567793285607E-003   8.8917728816210184E-003
   7.5122992784949494E-003   8.6745087905940599E-003
   3.5898312097496499E-003   8.6687749413850712E-003
   6.8013043062390421E-003   8.2004674129513289E-003
   1.6277504865663817E-003   9.9489201236820923E-003
   6.7118462786149857E-003   6.5104630512712314E-003
   4.1479530320162050E-003   7.1879099252148970E-003
   8.3751496512532997E-003   2.9470441143863990E-004
   7.1652843663881916E-003   3.3954188314255784E-004
   5.9095456875352115E-003   6.6096055631162942E-003
   7.9656374076321201E-003   8.5227635537296065E-003
   7.3985973928646365E-003   1.2882290719172795E-003
   4.5688726610112473E-003   3.6840214556891349E-003
   4.5103863907000052E-003   2.7075262636965247E-003
   7.2919925059508062E-003   2.3407626918049429E-003
   6.7688476683869236E-004   6.7318861412047903E-003
   3.7727689796446251E-003   7.9450616673172325E-003
   2.8792562117797571E-003   5.3781657477850464E-003
   6.0189333380510357E-003   8.8170094115308517E-003
   5.7832751611027744E-003   3.2994783680316830E-003
   5.3451602012407617E-003   9.8472176226206409E-003
   4.8819420231079880E-003   1.8411430664443396E-003
   2.3476687075191238E-003   7.7397596673195457E-003
   9.0214686934916299E-003   6.8323296247071452E-003
   8.4224676861187620E-003   3.5082779390057661E-003
   6.9781020960441031E-003   3.0304680739116074E-003
   8.0985496394602174E-003   8.8873989663470487E-003
   3.0274557463340068E-003   1.7313860733753073E-003
   3.1494781471322897E-003   7.7949194212293405E-003
   6.8190207460506747E-003   9.6129901982137111E-003
   8.9084929196819873E-003   3.0150613004312765E-003
   2.8741072800982925E-003   1.0645680395221513E-003
   3.1467407198565445E-003   9.1402835714301522E-003
   6.5754912939436361E-003   6.5436404876643151E-003
   8.4807586023949444E-004   9.7443180684569919E-003
   8.1522077478842769E-003   1.0294084337619802E-003
   5.1029898745108548E-003   9.7205479429363084E-004
   6.2282001179359003E-004   8.2224257865305406E-003
   1.5305075112300726E-003   7.7758200152374668E-003
   7.7545422781289952E-003   5.7469859130788725E-003
   8.2421525589765343E-003   4.7169461640109711E-003
   4.8804807286532137E-003   7.7190673326638093E-003
   5.0549153189168861E-003   8.4918010683489031E-003
   6.8224332008478550E-003   1.3980495446641594E-004
   1.2826731532254998E-003   9.7838303638265733E-003
   1.9896867535084128E-003   5.0933028744856168E-003
   4.2773331240025803E-003   2.0656237615634954E-004
   6.9851935935077991E-003   1.7651469896454719E-003
   8.9922335828765965E-003   4.3302248372728558E-003
   6.2170314352624212E-003   4.5848261188156103E-003
   8.7244688922561986E-003   4.6887354820446259E-004
   6.8269144480669341E-003   1.4737558492533553E-003
   1.5869870137695807E-003   4.3319600768297883E-003
   4.2057580569782038E-003   5.9641527839088271E-003
   1.8817985994556974E-004   9.7119845410581496E-003
   7.8360619992604574E-003   8.3303064452765474E-003
   5.0036950974435834E-003   5.9699457852350202E-003
   1.6860565454146492E-004   5.9544123325215859E-003
   2.1344398038850576E-003   8.8583911423348871E-003
   7.6318117436878774E-003   3.7815792071803633E-003
   3.1752393480694030E-003   2.6992892776064314E-003
   1.7652302499461259E-003   1.4317169764465065E-003
   5.9951247876216529E-003   9.1923665394929577E-003
   1.8575406424944374E-003   6.2084311853353169E-003
   7.1569783075441373E-003   2.7421402881303569E-003
   3.9392162780443885E-003   4.9324307621845254E-004
   8.7822511735907716E-003   6.9057242305686772E-003
   8.6579310526738729E-003   3.4676172249245019E-003
   8.4022050033604190E-003   1.2511277523230557E-004
   8.3372045307472664E-004   2.6934513250319592E-003
   9.3251552105292346E-003   4.5015834909415409E-003
   9.0949704418005206E-003   3.9832279844173035E-003
   7.7844028368506679E-003   4.9157409558834297E-003
   8.9118760146578158E-004   3.8100773175014924E-003
   3.1515132250580224E-003   6.1501337016413027E-003
   5.4275800177755462E-003   8.9394782072887979E-003
   3.3974150792931423E-003   1.6798535507042134E-003
   8.5283915272660327E-004   8.5412430542873841E-003
   6.6461805095640036E-003   1.9182942776596601E-004
   4.4915610364294478E-003   5.8770106095359376E-003
   6.1201775695481908E-003   7.9788897508162870E-003
   7.0693009161900688E-003   7.5434354084958910E-003
   4.5659466322839348E-003   7.5976807903398447E-003
   8.0209300689794150E-003   2.1373433637968953E-003
   7.2157818118198103E-003   2.5533903939334301E-005
   4.1219479449753349E-003   7.6230357226402257E-003
   3.4743418275712257E-003   5.1705778941192326E-003
   2.9073711505637201E-003   6.9397810386916392E-003
   8.1136806903049363E-003   7.7984493039834346E-003
   4.8141149069148570E-003   8.1221787654369715E-003
   6.2986219007375999E-003   8.6302346630103832E-003
   2.2353558336140056E-003   2.3130003029278035E-003
   3.5844257720744066E-003   2.7870954363015121E-003
   6.5627378320401997E-003   8.6615666413566439E-003
   4.6437553733534864E-003   5.8673687263824936E-003
   7.0093022368927782E-003   3.2204780753491979E-003
   4.2104766914630165E-004   2.4758003079562441E-003
   3.2014632378022378E-003   2.1943111742553922E-003
   3.8156367312669470E-004   1.3988072989111755E-003
   2.4051368791909722E-003   3.2558853529672804E-003
   7.7260429684874454E-003   9.5299793382382925E-003
   7.9360536392206749E-003   2.9348993996092254E-005
   4.8590163969014499E-003   8.2287914837856357E-003
   3.1452087733091494E-003   3.5829143510192063E-003
   6.9111628745052167E-003   1.2206220090861253E-003
   1.3289033206637102E-003   7.9376877311657656E-003
   4.4443835111237506E-003   9.8697638017165579E-003
   7.0120344889169628E-003   1.8731197055610327E-004
   2.6611297060952221E-004   2.5937566965172909E-004
   6.9727675838736625E-003   4.2888582679093679E-003
   6.1572800920209891E-003   3.3186681329983037E-003
   4.6371307413392016E-003   5.9711448661946553E-003
   9.3361863031183878E-003   7.4162926356591274E-004
   8.9652614357312865E-003   4.0836716153281882E-003
   2.8625862785073286E-003   1.8657071018245430E-003
   4.5088515705987708E-003   1.3571631054772881E-003
   7.1473695245486413E-003   8.0431596508011571E-003
   1.4171977871851871E-003   2.3084170577555296E-003
   1.9447927386503361E-003   1.3529228156433648E-003
   4.9111373468718744E-003   4.6393027355969840E-003
   1.2228357499360909E-003   1.6784034574542916E-003
   3.0405483484551299E-003   5.3991176479805114E-003
   9.7099388905584894E-003   6.0839263638418073E-003
   9.2752196907773810E-003   6.8271898265337416E-004
   4.8253988385208446E-003   3.6676199317625668E-003
   6.2498411312683633E-004   9.8118817663127578E-003
   6.3784709446598198E-003   8.0303060950294158E-003
   1.3332626590091268E-003   1.9240533613998911E-003
   9.9222547516849557E-003   4.4056772413914036E-004
   3.4639307054329382E-004   2.5664012098781663E-003
   1.8144773103422329E-003   4.6631496691357244E-003
   8.2687377061219092E-004   9.8686604040606474E-003
   8.8355758454213840E-003   3.6327712116757116E-004
   3.8416574579392959E-003   1.5140263821701305E-003
   3.1852876142736131E-003   1.4905177661247437E-003
   4.1303320215091421E-004   7.1529752353226561E-003
   9.8005600992335795E-003   3.9484842806275511E-003
   6.3411984616800199E-003   2.4138600345698924E-003
   4.6766741615881235E-003   4.0543863709607830E-004
   6.3281749026674605E-003   4.5069775602791795E-003
   9.1488371101932087E-003   4.1763921942000737E-003
   2.0063340930248641E-003   6.4154459699486965E-003
   7.7301443909006951E-003   8.1668032203984220E-003
   9.0127740330577799E-003   5.2838649945864402E-003
   6.5442145325059764E-003   2.3194357896493267E-003
   1.4865546333070467E-003   4.4380071383021136E-004
   3.9783582311192500E-004   7.4253005563093000E-003
   3.4424791297119617E-003   1.2575450151061096E-003
   4.0765141956849993E-003   7.5285464785158629E-003
   9.5419781152662475E-003   6.9845293454229296E-004
   9.6136890995001112E-003   9.2274066000749277E-003
   3.5246173925377322E-003   1.3815697230168400E-004
   4.1395295538125820E-003   4.2444368385171627E-003
   8.3328526654421475E-003   8.9498050199555701E-003
   8.4070907916389270E-004   2.6475543503442500E-003
   4.9120234871954382E-003   1.9500749095849867E-003
   9.7271773862609434E-003   4.7530760258623905E-003
   7.5729265203550167E-004   9.1368140590254443E-003
   5.8920265896597046E-003   7.1060270213291199E-003
   3.2120022295220041E-003   6.2763601636693922E-003
   9.1609541711749065E-003   8.6280840163127648E-003
   1.7791244720893884E-003   7.4622430721772437E-003
   1.8878502707472267E-003   2.5386956399934268E-003
   5.6549540733471515E-003   1.3559063983176189E-003
   8.5299830048976011E-003   5.6658924768796526E-003
   7.6010482120553169E-003   5.0073390279264940E-003
   5.9247125668006051E-003   8.7134594626195883E-003
   9.3129227793599112E-003   7.6276883819558217E-003
   2.4341462060691876E-003   4.0012337633347217E-003
   2.6108127467460163E-003   3.1741329537434693E-003
   8.4234613154431370E-003   6.2162877555883567E-003
   7.3080107452516696E-004   2.0721646538990335E-005
   9.6409135693839021E-003   1.8201741385356351E-003
   7.8118183956071841E-003   7.3479137037576470E-003
   2.4224538460483336E-003   1.7613144439160289E-003
   6.2168733759461192E-003   9.9971520227243316E-003
   6.8891242559555588E-003   3.4152480620056602E-003
   6.6423370611118360E-003   3.7476607305245713E-003
   4.9628978134171886E-003   8.2493467387682040E-003
   1.9201099994502480E-003   4.3185274678535501E-003
   5.6285154818008776E-003   6.1315409015413325E-003
   6.2302016457939091E-003   9.5840348047832036E-003
   5.4337167206247594E-003   7.4124265571057224E-003
   5.0187009112666603E-003   2.5201618173201767E-003
   1.5957721470553077E-003   2.0339285684737307E-003
   6.7668633767378195E-003   7.7438438351361549E-003
   2.8157177700530722E-003   5.8643326709117982E-004
   1.8899169944938121E-003   5.8786957962485564E-003
   1.3740750781291444E-003   7.8109834703917747E-003
   5.4950141046937739E-003   6.1398557924940977E-004
   7.5171390668388183E-003   9.6980038832338300E-003
   2.0747352204658620E-003   7.1451661665823396E-003
   3.8274326160255834E-003   3.1938170011424072E-003
   3.0190362566070439E-003   2.6275309016162707E-003
   6.4465879408116544E-003   5.7607422473354708E-003
   3.0597509624622488E-003   5.7694448732982240E-003
   3.1298783242628136E-004   1.1748802854033569E-003
   4.6367945412143508E-003   5.4168242030002700E-003
   2.9918164767016586E-003   3.5026530113156928E-003
   7.0251206933288346E-003   4.3528541437124479E-003
   3.2187807981910455E-003   2.5314250036244657E-003
   4.2721019909129909E-003   1.0376567257098790E-003
   1.1168589312704480E-004   1.8452585421527834E-003
   1.4892596029379979E-003   5.3153426262649850E-003
   6.7969212405893931E-004   6.7862996097231010E-003
   8.2618142347684609E-003   8.1701075799450740E-003
   6.6481517638178333E-003   9.5100292779369822E-003
   3.3535922414787978E-003   8.6829500704529439E-003
   5.0255349507749569E-003   7.3916183204515429E-003
   9.0302038590485134E-003   6.9411951818837414E-003
   9.4416916058747136E-003   2.0239699742974349E-004
   2.9618554881404302E-003   6.9061312345263248E-003
   8.4272589108825846E-003   1.0233889909189164E-003
   1.6087883463119512E-003   1.6111135874069538E-003
   1.1643105059554459E-003   6.6562140124989400E-003
   2.3719235346438827E-003   2.7802768173142978E-003
   1.3057890425317575E-003   8.0782862225070584E-004
   9.0459559721145499E-004   7.2434557834799573E-004
   2.9593069936620919E-003   6.1695685919719301E-003
   1.0842317234994736E-003   8.5688171664620727E-003
   8.2391123289732304E-003   4.8892313338694260E-003
   9.2996816640578128E-004   5.9822030298576356E-003
   2.4879619909620176E-003   6.9718109977509046E-003
   1.6890391786642533E-003   8.1530698242276989E-003
   6.9553439586679255E-003   9.9837403083927745E-003
   5.2181529372780089E-003   8.0108276310396631E-003
   6.6793984548542129E-003   5.0689590864351208E-003
   6.3903504409380529E-003   7.9868229267047175E-003
   6.3220769451521885E-004   5.2961345433212292E-003
   4.0939158716767343E-003   8.0373289206984166E-003
   8.0033012618229149E-003   6.9093843905109198E-003
   8.5931059076259642E-003   1.6717074700703938E-003
   8.3041980018753181E-003   2.3406189882896333E-003
   1.8048941283287379E-003   9.4940528451189499E-003
   8.9838088305097541E-003   3.7026142564923203E-003
   4.6850286364695792E-003   5.6898143303463211E-004
   8.6048847632654857E-003   3.1992817086697878E-003
   1.6980698989640386E-003   4.6452095698027440E-003
   3.7941767207171351E-003   1.7735482646971112E-003
   6.5968907890100459E-003   7.4668027991507957E-003
   5.5441167124531399E-003   9.0980048949197423E-003
   6.1180485730438772E-004   7.2116099150024704E-003
   5.8478738154802423E-003   3.5588221042147650E-003
   7.3496710631107964E-003   2.5191307665539675E-005
   9.4615223567798834E-003   8.4238257740135714E-003
   3.5417131311842320E-003   3.6646186004597459E-003
   8.2402894312650909E-003   4.7925747230331828E-003
   3.2055352772603074E-003   2.5073955022673067E-003
   2.6140081617754829E-003   2.0795243478978209E-003
   7.3986432603002639E-003   3.2623121743903249E-003
   1.0939250188636285E-003   7.2008138056134374E-004
   8.0668012364826236E-004   7.9391809609862252E-003
   5.2625979066710515E-003   1.9348116971362739E-004
   6.6792722119163317E-003   2.5939410985054145E-005
   1.8067130381079766E-003   1.5672366665641091E-003
   4.8333310098950255E-003   9.9334052033216436E-003
   4.1551974671790726E-003   3.3938693798408748E-003
   8.1077092447460197E-003   6.7747957114089319E-003
   3.8218362254075489E-003   1.7080231961189574E-003
   6.3511140687265710E-003   7.1129380784610285E-003
   8.5693626582051818E-003   9.7715118361196840E-004
   4.7684664185599912E-003   1.2507042305550664E-003
   1.3470556787668064E-003   1.9307099944586570E-003
   2.2821432479157577E-003   3.9814011866176058E-003
   3.5164781186439731E-003   7.8602032751909912E-003
   2.4644753980699319E-003   6.9158481928027760E-003
   9.2006851216493990E-003   7.3739000124782850E-003
   5.9729398105333731E-003   1.3876634872985738E-003
   5.4976597484200918E-003   9.3928462651204914E-004
   6.9958514836524488E-003   5.4937009282041149E-004
   3.9759665849777859E-003   6.3924491420254137E-003
   1.0618709034527773E-003   1.8953173718986305E-003
   9.0771815115301413E-003   8.8908290994161865E-003
   2.6554122104377464E-003   4.3021435372048167E-005
   6.9289833319874372E-004   3.6058405293045714E-003
   1.5653593737062765E-003   7.3799852673875899E-003
   5.8128273484147064E-003   4.5841184435443383E-003
   7.2792752692341089E-005   7.2437932875624167E-004
   5.0013506710829825E-003   6.6155464495994964E-003
   7.4794023085612560E-003   5.3561110876801932E-003
   5.0815373116347429E-003   2.8229200807629029E-003
   7.6297865158113654E-003   1.9519891115565846E-003
   3.3885386077138202E-003   6.0026781226930614E-003
   4.8713487889547880E-003   8.0333028735168899E-004
   8.9921102192166424E-003   7.2051628316384120E-003
   5.3385085103389018E-003   1.8512170826429086E-003
   4.2175874867688146E-003   1.2553715583579761E-003
   8.6873256723528636E-003   7.9192104181259326E-003
   8.6286884826447530E-004   2.3024422971266167E-003
   1.0505207103009839E-003   6.8624211539403124E-004
   1.5140331740438606E-003   7.4634486745767115E-003
   5.3021941964971342E-003   3.5751825935596004E-003
   9.1381336523127521E-003   5.3777615340014906E-003
   2.4834814488557955E-003   4.3002156463874952E-003
   5.2378813180512518E-003   7.5414219680590699E-003
   1.7358489589308634E-003   6.4233154241392088E-003
   7.5695325563706062E-003   1.4515499342601101E-003
   1.6237088407525802E-003   8.9829985871018314E-003
   2.9603312635509971E-003   5.3747799547062547E-003
   1.5204024057559051E-003   4.0865597847400403E-003
   4.7618930098737300E-003   9.8877752269096453E-003
   4.1424595378899420E-003   2.1699041287203125E-003
   2.1709025133661575E-003   1.5450672154510015E-003
   1.7918513567579675E-003   5.3201929457801223E-003
   9.0377436997429728E-003   7.9705736395713211E-003
   9.7701085663121079E-003   5.3927934282705925E-003
   1.4717632294304339E-003   4.2636428343157950E-003
   3.7863800424863259E-003   7.0173443702511440E-003
   9.2614327535477381E-003   3.2044939374790138E-003
   4.1827233681301923E-004   8.5854911764923214E-003
   1.8472159406798250E-003   7.2781439098185130E-003
   1.9215055515274804E-003   5.3668417171376381E-003
   3.4999997374679515E-003   9.9736059470888483E-003
   1.6450162275675195E-003   3.4777736575960505E-003
   4.0814493039814659E-003   7.7945168010312704E-003
   8.0867423934427585E-005   2.6222057408534782E-003
   6.6544578114501318E-003   7.4232634971249656E-004
   5.3388821229771732E-004   8.3208520649024065E-003
   7.1987464715940197E-003   9.9935933235141272E-003
   7.0422538152771219E-003   2.0077272197064344E-003
   1.3210287001733656E-003   4.8014333017262212E-003
   4.3678220138111401E-003   3.6903494609789034E-003
   2.4374600077708974E-003   1.2442863249318981E-003
   8.4241983897744843E-003   8.8155840930804752E-003
   7.8595182444914924E-003   4.6332552039775043E-003
   1.6394920140905267E-004   5.5327011567574136E-004
   2.8284040844793745E-003   1.9056314960576026E-003
   1.3067441768784827E-003   2.6326776342565639E-003
   4.8800561457927882E-003   7.6686140081420051E-003
   8.1604831815998979E-003   9.6437247271218274E-003
   6.9155247642748163E-003   6.4846276291289362E-003
   6.1609674025014938E-003   5.8290322159880725E-003
   4.0947854518716964E-003   2.3083779557492301E-003
   5.0700836306437624E-003   5.6193093240658465E-003
   4.6094664817849518E-003   5.5477542336334063E-003
   7.6220139353965211E-003   9.9176064471425684E-003
   1.6846385098151506E-003   1.4218712236605535E-003
   9.0696704063485400E-003   6.1442970406268005E-003
   1.6074259227299992E-003   4.0540400242067287E-003
   1.3706029711156864E-003   8.8600062935373369E-004
   4.6075808286468733E-003   3.5203085912872689E-003
   2.7198901985759916E-003   3.9550628068997229E-003
   6.0162860068032620E-003   4.2160187034426810E-003
   8.0747051356021560E-003   3.7191691747916478E-003
   3.7145665880610190E-003   5.6267907023465069E-003
   3.9449481829939570E-003   1.1365673818030109E-003
   1.2621592541728344E-004   1.8483334466856682E-005
   7.2072276212120645E-004   3.4479315953178657E-003
   2.5064241357849459E-003   6.8877796742283781E-004
   2.9833086640124185E-003   2.1491503105858234E-003
   7.2855057188073724E-003   5.5033913440251103E-003
   4.8172899751205422E-003   8.2810221293264652E-003
   2.1258094201516142E-003   6.0176193897066854E-003
   4.6095446613821922E-003   9.7165300404665755E-003
   9.9381668206233176E-004   8.9377926331327684E-003
   8.0260731358895443E-003   9.1041797906622479E-003
   7.3906678247420698E-003   9.2182498955201142E-003
   8.1015050075049500E-003   9.7123386996761374E-003
   7.8247443266311612E-003   5.9881466245698123E-003
   2.2700909541212289E-003   8.1629307951948116E-003
   5.4828322744010505E-003   4.6613841451689231E-003
   8.9852327696725576E-003   2.0513516246866148E-003
   1.4566508610835971E-004   3.3668739662825464E-003
   2.2133615641580784E-003   4.1974958975653509E-003
   6.3256297272055173E-003   1.9592858284264159E-003
   2.6531078595126711E-004   2.4157563797503334E-003
   9.0891467863981612E-003   4.8139129698102634E-003
   4.6766155736265302E-003   7.1166113351904814E-003
   1.5903795232562468E-003   4.5202294360059403E-003
   6.5540907041438112E-003   2.4122297527321424E-003
   8.2684753826486324E-003   8.4181948870537537E-003
   5.2620711381944352E-003   7.8151546676227257E-003
   6.8708194352470331E-003   3.6214363536318794E-003
   6.8699156543045037E-003   6.0247531096241369E-003
   1.6950809710591930E-004   9.7214668593178510E-003
   1.2532489960855875E-003   7.2736457098122598E-003
   9.0432557574037231E-003   5.0031462516385572E-003
   4.2973606487325400E-003   6.7634986946607523E-004
   5.4459705114998647E-003   5.0876621802699029E-003
   7.7262468330449030E-003   2.8859336206764619E-003
   4.9399498928447416E-003   1.8948827979575755E-003
   3.5018039033752890E-003   6.5891948421173963E-003
   3.5152436570017320E-003   5.7035768737937476E-003
   8.6996229811375780E-004   5.2034079830699520E-003
   8.5440007903906379E-003   6.8359462776003133E-003
   1.9720084260973492E-003   2.0956608574834723E-003
   2.1522688117826538E-003   5.9188928871852786E-003
   8.6652975216786610E-003   1.2222327338392569E-003
   1.8494858202072750E-003   8.0671251878200456E-003
   5.5483017576883897E-003   7.5163639429832729E-003
   2.2437401736755680E-003   2.8387557834380628E-003
   4.9325586117788811E-003   3.4187630437526595E-003
   5.3212551640345884E-003   7.6374131760857944E-003
   9.2932783453262280E-003   3.9365789231836645E-003
   5.6602375728803667E-003   8.3873839977240960E-003
   1.7968174124042280E-003   3.3032274653376215E-003
   9.7153093390353051E-003   6.6567715638145009E-003
   9.3672798532816737E-003   8.2962500668096739E-003
   2.3277723253084526E-003   4.5455814711191644E-003
   7.0600446029310815E-003   8.6530817634372648E-003
   1.9223383603720334E-003   8.5202702394645558E-003
   1.7848421636516010E-003   3.0856564647140372E-003
   9.0851668212149628E-003   3.3147405474701630E-003
   7.3521022652752732E-003   1.8498564923991045E-003
   4.2598397520502429E-003   6.9997361783010748E-003
   8.1847173899215475E-003   6.1528887139644661E-003
   4.4215585029746540E-003   8.8115370089936196E-004
   8.6953686916989570E-003   8.7302103409075960E-003
   1.7303666128237749E-003   3.5443764434767155E-003
   1.1796618672971215E-003   1.2832017286507069E-003
   3.0695404566968287E-003   1.3888690271651738E-003
   9.5645668563160147E-004   6.2949038843832517E-003
   9.2499713709081055E-003   5.5918492141840970E-003
   3.6684065602251570E-003   6.6754775750371698E-003
   1.2954858856309981E-003   5.1346695648224472E-004
   2.0222993215023299E-003   1.6507520228653538E-003
   3.1344208229441284E-003   4.5466164780244567E-003
   7.1491071881381041E-003   9.2300871695057962E-003
   7.8794783346637365E-003   2.3849842406142852E-004
   9.1735816283845528E-003   7.6244969251190176E-003
   1.5781203715509173E-003   3.4188144139536414E-003
   5.6867898130464889E-003   3.2984801637125916E-004
   3.0821806331192692E-003   9.4304742796121888E-003
   3.7561773647379892E-003   2.8945704488013702E-003
   9.2585936488903675E-003   1.0763431726888983E-003
   9.8201779005394618E-003   4.6555105818121278E-003
   2.6004682939068102E-003   9.9694172187726471E-003
   7.3633203591105811E-006   8.1932299101822315E-003
   7.7944294473334397E-003   2.4492754195916122E-003
   1.2729761214801405E-003   9.0005159498763865E-003
   3.4599375116574071E-003   5.3995027378007654E-003
   1.0633825107994044E-003   2.6449314506008514E-003
   2.2938010216059235E-003   7.8063234054898123E-003
   4.7213057726293028E-003   1.1926916242371854E-003
   1.5720620287945630E-003   2.9496646622114708E-003
   3.8481934463857614E-003   7.6599321220949257E-005
   5.7534647865772337E-003   2.5366873990843031E-003
   5.3709873622357351E-003   9.5241029440139569E-003
   6.3924400034542916E-004   9.4152199541251980E-003
   8.6240467090502593E-003   4.0965046077120482E-003
   6.0965976734944638E-003   5.3306137069116799E-003
   5.5371869196011447E-003   2.4899126526145565E-006
   6.0715141609647416E-003   4.7881434908959575E-003
   8.2775334435580827E-004   5.6496615451598897E-003
   4.0328871086333651E-003   9.6460031371935484E-003
   1.1397143710764057E-003   2.1637637876673610E-003
   5.4583960614446037E-003   4.5194641397231505E-003
   9.0213583261066210E-003   8.4480463662731653E-003
   6.8067934978174316E-003   8.4644449268224120E-003
   5.8471300622390254E-003   4.3453282029354279E-003
   2.1685698396164410E-003   6.0426642398995201E-003
   6.6026849662096376E-003   9.5834359304883820E-003
   9.4377614320625414E-003   5.2329320817946501E-003
   3.0581723053778598E-003   1.1395754329476260E-003
   8.7835793442073706E-003   8.8906143876520405E-003
   6.6051432682742162E-003   8.1168951069413575E-003
   8.1712859551364980E-003   2.3428229296634795E-003
   7.3116217750485157E-003   7.2450018396968963E-003
   3.1205653440150583E-003   1.6437163781716224E-003
   2.6587466990980468E-003   2.8318241334018834E-003
   7.3398844527351459E-003   9.0283871258255433E-003
   2.1396075829519523E-003   5.6347411448011142E-003
   1.7865607869260725E-004   8.1585643603953040E-003
   8.5124288204899701E-003   6.9960168992239113E-003
   3.0831296604661995E-003   2.6184176092011180E-003
   5.8997318864216775E-003   2.0027616520523761E-004
   6.8561094604940864E-003   8.5565448165539904E-003
   7.0411494417487175E-003   7.9793866548428793E-003
   9.6976027684138044E-003   7.9506119767444039E-003
   2.9794989428703067E-003   3.8144540529504445E-003
   3.4982067399979000E-003   6.8857960288649656E-003
   6.0592790300425525E-003   1.1068067136464910E-003
   5.9382267525739385E-003   4.2068662994184658E-003
   2.4536753416851687E-003   3.0428696313929970E-003
   5.1593458894575450E-003   9.7593281031941315E-003
   3.5684732588424639E-003   9.0544837423042202E-003
   6.0553595241078506E-003   9.4042925840084335E-003
   7.5312643532635670E-003   7.8672677829946247E-003
   1.5451391995827679E-003   5.4873187294007808E-003
   6.1755763007614872E-003   9.1510623892668841E-003
   2.9723405472380504E-003   8.1072084504837383E-003
   5.3844840722702125E-003   4.9097297202417289E-003
   8.6513036046885761E-003   3.0474385060371700E-003
   9.2018853381492516E-004   7.0947758734226651E-003
   9.0620296701803271E-003   9.3701741463584343E-003
   9.6753092562092968E-003   5.0938872899130017E-003
   5.9567927820391997E-004   8.6977568761287261E-003
   1.1553518123920137E-003   3.5450582956862986E-003
   3.1808943171590665E-003   3.4430516547606649E-003
   2.8714444992316013E-003   3.4614129689403139E-004
   8.3680838877764341E-004   5.4906725418818469E-003
   9.2828891992425833E-003   1.7652230804175995E-003
   6.2255579140646500E-004   8.4104728761612568E-003
   6.9713213232291960E-004   4.7159967464341923E-003
   4.8993094117667502E-003   1.6245316530053566E-003
   5.6706084256400446E-003   4.9131680291268909E-003
   6.6163129958100031E-003   7.2729584323917296E-003
   8.4891396442955402E-003   1.3912882088550349E-003
   9.1878119956260162E-003   3.3445845378535788E-003
   5.1359964956106952E-003   7.7433255621396357E-003
   4.6680045387575975E-003   8.8308169193466179E-003
   3.4679744559195091E-003   7.8038507159549075E-003
   6.3137461884937851E-003   5.5057451831216353E-003
   7.8918168828278068E-003   5.8821863044070666E-003
   2.5084388794216483E-004   2.1649847605632599E-003
   7.3763153538196624E-003   7.0680028051596233E-003
   9.0312938673487997E-003   3.1829005113758191E-003
   9.9163955312749907E-003   6.6730108639944108E-003
   6.5977681184997694E-003   2.7282040081721970E-004
   2.3064928800623496E-003   5.7252072516708052E-003
   5.7413197868728671E-003   7.2290380169853785E-003
   9.6045359028141819E-003   9.0541618604026430E-003
   3.6025109284104628E-003   4.3759626276707042E-004
   2.4385432484829161E-003   3.8830180056892427E-004
   3.2855033304769465E-003   3.0942946067108457E-003
   1.6454645740339169E-003   5.9106343063969335E-003
   5.8301797526713051E-003   2.9526915226155692E-003
   3.8658847542479835E-003   5.2487773221813194E-003
   9.0200031961551463E-004   7.7706544629990715E-003
   8.2257841757760186E-004   3.5143833699459170E-003
   8.9746207733140126E-003   8.7633759257380595E-003
   8.6755097334548781E-003   2.4795866279297973E-003
   2.3095150384422336E-004   7.4698411436996404E-003
   2.8001421835598395E-003   9.9263004547894829E-003
   5.4741316778178506E-003   4.3511382358977224E-003
   5.3343415605600075E-004   3.7126074266505826E-003
   5.8407794980973593E-003   6.4668515139781890E-003
   3.5800965240159188E-003   2.5716523342634856E-003
   7.8588499879134188E-003   7.6092291619779262E-003
   3.4529268981916550E-003   9.5553587549993546E-003
   1.0250489412478858E-003   8.4940217029879639E-003
   7.8308028302486177E-003   2.3149184137080114E-003
   4.4970292957803304E-003   8.4265217444875473E-003
   1.2812540690664287E-003   1.1964080115974829E-003
   8.4595457330650659E-003   9.2221887290487858E-003
   9.1853697369365106E-003   8.6310852168515195E-003
   5.7861258181116648E-003   7.0650770988439637E-003
   8.6545604250584107E-003   7.0125286715086999E-003
   2.9771173305680465E-003   3.7473063622502911E-003
   4.3095784312262575E-003   4.8641150163027946E-003
   1.2389180700255187E-003   7.4732261455202620E-003
   4.4470068201599711E-003   4.9384342892410116E-003
   9.4341831080807514E-003   1.8700197399147411E-003
   4.9050331365149136E-003   2.6477065471407490E-003
   6.3542245469930814E-003   8.5071846709784404E-003
   5.8451234547690634E-003   3.9073031211723785E-003
   1.2335164763689344E-003   4.4001792913158644E-003
   5.9161900194426575E-004   1.9257096800517903E-004
   2.1691633097076224E-004   9.7460914145005573E-003
   2.8096121992008394E-003   6.4684791372228156E-003
   4.5808587255798949E-003   5.9813451283076136E-003
   6.2806316905966719E-003   1.5532235761169799E-003
   9.6046082267103872E-003   5.9957116478627226E-003
   1.6531915985870116E-003   4.8106443864589510E-003
   2.8549014720039567E-003   3.4128042838487138E-003
   2.2455295705076095E-003   5.1442804745595039E-003
   3.1106389386098554E-003   3.0034928457208787E-003
   6.0053056827996665E-003   9.5173933850273285E-003
   5.9303867985550651E-003   8.0531362683126106E-003
   9.3414730600194229E-004   3.7522817474083814E-003
   5.4700591709421209E-003   6.1656968458035921E-003
   9.6431097242412056E-003   8.5777259788494264E-003
   4.6642249641425382E-003   2.4580232729835005E-003
   8.1887329129498587E-003   8.6841286465008105E-003
   2.5858339601750879E-003   9.9597721588474686E-003
   2.7898124470427943E-003   2.9846798754352699E-003
   2.0745512527363674E-003   3.4146277764152133E-003
   5.2282090304311968E-004   8.4636294137642176E-003
   9.3728375376157524E-003   8.1270862641319441E-003
   8.6208911354584972E-003   5.1458155181139942E-003
   9.1789179147606648E-003   5.7241451819206590E-003
   4.0346335989974724E-003   5.5268750935880684E-003
   3.5856461774469439E-003   9.9046975586153385E-003
   2.7415922056265307E-003   6.3133521079826727E-003
   3.5638466636572774E-003   7.6807235630348414E-003
   9.4512960569118620E-003   3.0112562941438936E-003
   3.9928316295528843E-003   9.8360409847731978E-003
   5.7125748664054177E-003   8.8504454597687632E-003
   8.9312833079191467E-004   4.0952956986880507E-003
   7.1722085984193829E-004   4.5287803230674717E-003
   4.0515587554085242E-003   6.5921722878176103E-003
   4.9060772003882702E-003   9.8868868685125788E-003
   1.5138747446196144E-003   9.4627301405891817E-004
   2.6180446866258533E-003   1.6246130138389825E-003
   1.0693490799428274E-003   4.2271640385284082E-003
   1.2271600732413068E-003   2.1992331574793855E-004
   3.5480846370294916E-004   3.2669586182502153E-003
   3.6960737131922494E-003   5.1921610214461511E-003
   8.1011823786468762E-003   9.4717049163813849E-003
   9.9905976898265747E-003   9.9585032947709928E-003
   4.3144999778229609E-003   9.6376503875917896E-003
   3.0799856452440322E-003   9.1234354790313832E-003
   8.5561493595213145E-003   3.2556080681966915E-004
   6.8538261621108321E-003   7.0590957498785079E-003
   7.9765567135844373E-003   9.5977876735763301E-003
   5.7114641912103803E-004   3.7055361356918004E-003
   5.1101941409258389E-003   3.9655238116730329E-003
   5.4574554291783040E-003   2.6024899280224778E-003
   8.3989195764722080E-004   6.6303482836661543E-003
   6.3466689823933331E-003   8.8891113768462260E-003
   7.9702273291567538E-003   5.1240953177144055E-003
   9.1468227482670583E-003   3.3143836036869656E-003
   4.8849265182593360E-004   3.8991655090275801E-003
   2.3690021208622181E-004   9.9164411148476850E-003
   1.6196752170977158E-003   1.8152968811068204E-003
   2.4793374194308493E-003   5.1345248142643518E-003
   3.6685793023928381E-003   3.4888351393421724E-003
   4.9134625617121008E-003   1.4797642406086942E-003
   4.6774883983876636E-003   2.4029166587243855E-003
   4.0994807692716906E-003   6.2311016339677838E-004
   8.2572621728782547E-004   5.9232489717897518E-004
   3.2920879864050123E-003   7.4084193959954581E-003
   7.3726318972614502E-003   5.3723271639699588E-003
   1.2779685351570480E-003   6.7622744026373249E-003
   2.4379398440154132E-003   6.3619178846164859E-003
   4.6595035266344675E-003   5.5662075828338820E-003
   6.9247105268769316E-003   4.4728905976904043E-003
   6.9025385098197001E-003   4.5214680146066222E-005
   4.0598129603394151E-003   2.7338587340627329E-003
   6.5927254856578132E-003   2.0088557153105091E-003
   8.5891168806352391E-003   1.5650740062710389E-003
   1.3634259452474096E-003   6.5815825161471553E-003
   8.9801739463812869E-004   5.6213610630232447E-003
   9.2197397754968380E-003   9.0140465250975188E-003
   1.9070409541058764E-003   1.4040165209022737E-003
   6.8174687238486964E-004   3.6120877083442027E-003
   8.6361749420439393E-003   3.7570863756880568E-003
   1.0467474052585635E-003   9.4041025637124909E-003
   9.5051310202479700E-003   2.0034120218438423E-003
   1.2631130757788656E-003   2.5611672841346911E-003
   1.1861071690951741E-003   1.4821943042194752E-003
   9.3806033568349934E-003   8.6609723483909162E-003
   1.4374387011317769E-004   2.1480491485991182E-003
   4.5689255434963050E-003   7.3414933026895168E-003
   8.7617125197841927E-003   7.6067680231273194E-005
   3.2343631748321666E-004   4.0551257233866211E-003
   2.1251869351252006E-003   5.4279955905264243E-003
   6.8455966723723893E-004   6.6795237816553721E-003
   5.4737839212167794E-003   8.3743221370929932E-003
   4.5214672819132717E-003   4.7751432411894390E-003
   9.6808739654491438E-003   7.9323574417698994E-003
   8.9485082278514261E-003   4.7082491217117495E-003
   6.3630427097224329E-003   7.2579513798499695E-003
   1.7517317803396049E-003   8.3101937696800077E-003
   1.0037304941413749E-003   1.3192601754002942E-003
   4.4137747036300246E-003   8.7199429937582229E-003
   8.6487879141675661E-003   8.2007565760665591E-003
   1.2035295250863998E-003   6.6340097394513853E-003
   1.5416687869888035E-003   5.5116154170312681E-003
   8.0644526339590517E-004   9.6800636424317910E-003
   8.3444178473602859E-003   4.1241042239378300E-003
   4.7008723700653343E-003   8.5683976329297140E-003
   9.5913023622326010E-003   5.5383836366434958E-003
   9.9346578101481287E-003   1.5654577333342745E-003
   9.9166413672778786E-003   9.3842374487448366E-003
   6.7136496046615868E-005   4.0944626405120532E-003
   1.0905206241907939E-003   5.9430259925074003E-003
   3.8015061677260098E-003   8.0732696500470658E-003
   1.5629248028233844E-003   1.7249258871955275E-003
   5.2678085735985425E-003   1.3178698860402127E-003
   8.3377686136659745E-003   3.2152518793339135E-003
   4.3857123024856337E-003   1.2037053781056573E-003
   4.0812589227093854E-003   2.8933246010135472E-003
   4.4906437458039905E-003   1.1560320660287671E-003
   4.6551889318003914E-003   6.2748647478348962E-003
   5.4958986409771038E-003   4.5741087748031317E-003
   1.3044150631668083E-003   4.5704911082024013E-003
   5.9851080601774909E-003   1.2932249680456254E-003
   8.8700317911697413E-003   6.7596118184308773E-003
   4.7551207263950568E-003   2.6162939724051482E-003
   7.2100727106972906E-003   5.0059397545038076E-003
   9.3936930617067871E-003   5.0922739226176850E-003
   8.7055863170099057E-003   4.3622893792527595E-004
   4.1332869699203245E-003   5.8214297779645152E-003
   5.9021753869549221E-003   9.1760936167061269E-003
   4.0966409512962487E-003   1.5999619119416719E-003
   9.4276362172552863E-003   1.2806389819041142E-003
   3.6100201525771647E-003   7.9293997269525018E-004
   1.5223051690499423E-003   6.6601763646531031E-003
   2.5137479106808192E-003   6.4565188767616855E-003
   4.3434358510235915E-003   4.4947432313514613E-003
   3.5597919234734432E-003   2.9764621184685813E-003
   4.3623463693179820E-003   1.8226034304106298E-003
   8.8870824692103279E-003   6.0180887548667572E-003
   3.5790099875455672E-003   7.9695179959745621E-003
   4.1710331872438777E-003   4.0961972837981753E-003
   7.7517118924171902E-003   5.3597275719566850E-003
   4.7540947502511255E-004   5.1703371017878252E-003
   2.1373789867403792E-003   2.0367757885841886E-004
   5.6109367862201553E-003   1.3699842441862176E-003
   8.3334530145763308E-003   5.3867469713397842E-004
   3.0193926580853736E-003   5.2398022671206190E-003
   1.6116099912466542E-004   3.5788162727637962E-003
   5.4712750343451910E-003   3.0828106256249876E-003
   5.3702565637009370E-003   3.3612582200784891E-003
   7.0446567927954229E-003   2.8975604896153140E-004
   3.1022209546327506E-004   2.1778719075060682E-004
   6.5909507421840763E-003   6.8623353608109339E-003
   4.5002245115821626E-004   9.3277344126073691E-003
   1.4038739446778914E-003   2.3503486053277900E-004
   1.0905563779545213E-003   4.6895093917128650E-003
   7.2340777301748149E-003   9.1273773877679210E-003
   6.5212826218176145E-003   3.5294078846194177E-003
   3.3470797975133637E-003   8.8986171006507631E-003
   3.0505575186279277E-004   2.4930940230981635E-003
   4.3251004175094421E-003   7.1217901627879110E-003
   8.1819107767701071E-003   6.8639678964877993E-003
   5.9772600022954814E-003   5.1162160984384863E-003
   2.8536104065336465E-003   8.2598130104091227E-003
   7.1332528518336380E-003   6.7978392131639032E-003
   1.3556398069830555E-003   6.1317555156855663E-003
   8.7063842142313108E-003   5.3621579005159736E-003
   8.2987482206750007E-003   5.9341942279976800E-003
   8.2817466860184430E-003   7.2321677656700389E-003
   1.2847691395000416E-003   5.3788470222421170E-003
   2.0104359387503878E-003   4.1995526663684002E-003
   9.7259280959128835E-003   8.2065471278088831E-003
   3.3802259053793415E-003   9.4780917411957377E-003
   1.0781033617478508E-003   1.9124410100329614E-003
   7.8382374242683683E-003   4.5985266486325838E-004
   2.2897687522834831E-003   7.2489231072877525E-003
   5.8729853388778119E-003   1.4745921472675283E-003
   4.9040200175965998E-003   1.3060203476601417E-003
   3.7354548619704664E-003   9.6366044716430510E-003
   4.6857728858581416E-003   9.9065122659002247E-003
   2.3525426782721182E-003   4.5639800107094564E-003
   9.8859123173561381E-003   5.8274285849418961E-003
   1.5036388486456831E-003   5.2424991110345820E-003
   7.4129749067656237E-003   5.0167332545586474E-003
   3.8352652976766377E-003   3.6942178628297517E-003
   6.2297940939409768E-003   8.5625081692105587E-003
   6.3201771102251447E-003   2.6556773574116788E-003
   4.8677934006408075E-003   3.4165466532799504E-003
   8.5282834144474462E-003   9.0355441530899361E-003
   9.1042821328869428E-003   5.2374172634886973E-003
   7.3087445290261899E-003   3.6997468315590476E-003
