 -0.58373110442596077      -0.76867208712206780     
  0.92823173940565051       0.79084419076835921     
 -0.28168575618494573      -0.29250420038239300     
 -0.11809582687825704      -0.83656234286565445     
 -0.10329654305395508      -0.10499910782324107     
 -0.72000518521294232       0.87285212607721441     
   2.5682979740986100E-002 -0.34615949324619000     
   9.7397011284435564E-002  0.95156865750978170     
 -0.98557323309852429      -0.52932868689733037     
 -0.42724068343045218      -0.63416641561042808     
 -0.43494716446611437      -0.15699318198347145     
 -0.58440959620494848      -0.17208341656815418     
 -0.20598226096759653        5.6139917604690392E-002
 -0.45640481796879551      -0.79577560154524429     
 -0.60053517092044240       0.80538234012452059     
   6.0990472818254649E-002 -0.93312334359303273     
  0.99596423189899141      -0.82915447364987549     
  0.40076136654278338      -0.40371251544156694     
  0.80375297358434317       0.67622703205618406     
 -0.65227223171492676      -0.73939843277418915     
  0.93054036420329500      -0.40809883522246915     
 -0.91712358403816985       -9.6076929520851451E-002
 -0.76495445695005104      -0.58955795950701373     
 -0.70062543437845326       0.58832440133594188     
  -3.1786746825923529E-002 -0.23985390329726686     
  0.77544728283558384       0.94248261765692498     
  0.30535495993930617       0.10081169991791783     
  0.34224052044667319        3.6427147237782842E-002
  0.23106362541721381      -0.51364761288913319     
 -0.87542982766191935       0.65088648612186617     
 -0.55082774979566584       0.23800918424409301     
  0.22035959047282105      -0.41636292329820013     
  0.18834812715107030      -0.43302697196278117     
  0.11568222153730789       0.27109737753453533     
  0.33362422293686511      -0.77768510010916980     
 -0.55347753481635709      -0.29692765851362035     
 -0.46315663841700028      -0.27362187452317299     
 -0.76284511096908014       0.86221994266948654     
 -0.66942355393870900       0.99832895211797634     
  0.91469824682674283      -0.66656558293223633     
 -0.96775234209734595       0.98638636990747708     
  0.19571903496781329      -0.55017929596369120     
 -0.86342726175832896       0.37801162776444652     
 -0.75857216294788388       0.67765733491520264     
 -0.61317208018767277       0.41684828578347721     
  -3.0860837097680616E-002 -0.67808910071760842     
 -0.64351576084434781       0.43060748904506085     
 -0.77993161966089697      -0.31073164069593495     
 -0.46668517657866948       0.42223724230296789     
  0.54133138598004882       0.15660416668122834     
   4.6229411403755361E-002  0.97771746291672690     
  0.49739924142947389      -0.21094929483297709     
  0.57520174215324293      -0.58431963044419866     
 -0.66002887564712620       0.89468699875040314     
 -0.99561200197581756       0.74908279243348286     
 -0.16550757045182751       0.31426341613487496     
 -0.17476502115594461       0.72428943203961915     
 -0.86751571012079509      -0.33654000020424835     
 -0.22778343280208457      -0.35615510463535560     
  0.10115639357881445       0.13550687913573678     
 -0.53588236567372571      -0.57491987830722691     
 -0.67839470956399794       0.22011635788721784     
 -0.50437298952805487      -0.99683499801756581     
  0.19418831877139775      -0.27692640911644628     
 -0.30215802011180581      -0.36984401911955511     
   3.1570657636770250E-002  0.60804290119933091     
 -0.62295954284396005       -8.1036578435933482E-002
   1.8226227265887962E-002  0.32820165777960875     
   8.5262301883316738E-002 -0.99649224709556072     
  -4.5196935089862444E-002  0.37511194468248266     
  0.50645427848512981       -2.2941500424845884E-002
  0.42220235961591945       -4.4941935243523634E-002
  0.66089436209802255      -0.34845621853529296     
 -0.50366492266937390       0.90364469583315987     
 -0.44359713208097828       0.46300111499754770     
 -0.34026023621683021      -0.75379009626516613     
 -0.95014792864683451       0.86376323265198773     
 -0.73134881804294372       0.22041515224632580     
  0.51746380399794489      -0.98584620653923893     
  0.88280669501182008      -0.66787693634064726     
  0.99233092274159707       0.10581851802105957     
  0.49183237994640705       0.22680975926425773     
  -8.3760456221066981E-003 -0.77619877074668131     
  0.42726006052794863       0.95983729323364675     
  -1.4612622100213857E-002  0.40566036170612096     
  -6.6300805223314496E-002 -0.31763338824623888     
 -0.46435625453682439      -0.43557000040801708     
 -0.62499685754300882      -0.32218472534892373     
 -0.95867893936051007      -0.51693383209264554     
 -0.10691598109291678      -0.93689422865253602     
 -0.38130096317329487      -0.52528805356718977     
 -0.51631630375809801       0.27188273764768733     
 -0.46682835531738975        1.5832180630337422E-002
   9.1459854082884151E-002 -0.83423242896526695     
 -0.94443361924236346       0.90416139359779724     
  0.24054219817767963       0.79272477225993043     
 -0.67475262734794650      -0.56740783693613850     
 -0.42351538567967495       -2.3087118297390186E-002
  -2.5197224237582305E-002  0.51025223895453498     
 -0.19061989113251676       0.25148973579122202     
