 -0.18749968373824211      -0.56249963102794909     
  0.12500042168234393      -0.87499952560736316     
  0.68750052710292975        6.2500579813222767E-002
 -0.49999936747648421       0.25000068523380881     
  0.56250073794410183      -0.31249920934560527     
 -0.12499915663531225       0.37500089607498066     
 -0.56249905121472632       0.31250100149556670     
 -0.74999894579414028      -0.49999889308384726     
 -0.68749884037355435       -6.2498787663261335E-002
 -0.37499873495296832      -0.37499868224267541     
  0.18750137046761761       0.56250142317791063     
 -0.99999852411179646       0.75000152859849667     
   6.2501581308789467E-002  0.18750163401908249     
 -0.62499831327062449       0.87500173943966852     
  0.93750179214996154       0.81250184486025456     
  0.75000189757054736        1.9502808403792926E-006
  0.81250200299113340       0.43750205570142642     
 -0.87499789158828056       0.12500216112201246     
 -0.31249778616769464      -0.93749773345740162     
  0.50000231925289129      -0.74999762803681569     
 -0.43749757532652267       0.68750247738377035     
  0.87500253009406337      -0.62499741719564372     
  0.43750263551464919      -0.68749731177505780     
  0.25000274093523522       0.50000279364552824     
  0.31250284635582126       0.93750289906611406     
  0.62500295177640708       0.62500300448670010     
 -0.81249694280300688      -0.43749689009271386     
   3.1626175791554800E-006 -0.24999678467212794     
 -0.93749673196183492      -0.81249667925154201     
  0.37500337345875101      -0.12499657383095597     
  -6.2496521120662951E-002 -0.18749646841037004     
 -0.24999641570007702      -0.99999636298978400     
 -0.18749631027949110      -0.56249625756919808     
  0.12500379514109494      -0.87499615214861204     
  0.68750390056168098        6.2503953271973778E-002
 -0.49999599401773320       0.25000405869255982     
  0.56250411140285284      -0.31249583588685415     
 -0.12499578317656124       0.37500426953373167     
 -0.56249567775597531       0.31250437495431771     
 -0.74999557233538927      -0.49999551962509625     
 -0.68749546691480323       -6.2495414204510324E-002
 -0.37499536149421731      -0.37499530878392440     
  0.18750474392636862       0.56250479663666164     
 -0.99999515065304534       0.75000490205724768     
   6.2504954767540477E-002  0.18750500747783350     
 -0.62499493981187348       0.87500511289841953     
  0.93750516560871255       0.81250521831900557     
  0.75000527102929859        5.3237395913896535E-006
  0.81250537644988441       0.43750542916017743     
 -0.87499451812952955       0.12500553458076347     
 -0.31249441270894363      -0.93749435999865061     
  0.50000569271164230      -0.74999425457806468     
 -0.43749420186777166       0.68750585084252136     
  0.87500590355281438      -0.62499404373689271     
  0.43750600897340020      -0.68749393831630679     
  0.25000611439398623       0.50000616710427925     
  0.31250621981457227       0.93750627252486529     
  0.62500632523515809       0.62500637794545111     
 -0.81249356934425587      -0.43749351663396285     
   6.5360763301658409E-006 -0.24999341121337693     
 -0.93749335850308391      -0.81249330579279089     
  0.37500674691750202      -0.12499320037220496     
  -6.2493147661911941E-002 -0.18749309495161903     
 -0.24999304224132601      -0.99999298953103299     
 -0.18749293682073997      -0.56249288411044707     
  0.12500716859984595      -0.87499277868986103     
  0.68750727402043199        6.2507326730725010E-002
 -0.49999262055898208       0.25000743215131083     
  0.56250748486160385      -0.31249246242810313     
 -0.12499240971781023       0.37500764299248290     
 -0.56249230429722419       0.31250774841306872     
 -0.74999219887663826      -0.49999214616634524     
 -0.68749209345605222       -6.2492040745759314E-002
 -0.37499198803546629      -0.37499193532517328     
  0.18750811738511963       0.56250817009541265     
 -0.99999177719429433       0.75000827551599869     
   6.2508328226291709E-002  0.18750838093658451     
 -0.62499156635312247       0.87500848635717055     
  0.93750853906746356       0.81250859177775658     
  0.75000864448804960        8.6971983424000143E-006
  0.81250874990863542       0.43750880261892844     
 -0.87499114467077854       0.12500890803951448     
 -0.31249103925019261      -0.93749098653989960     
  0.50000906617039331      -0.74999088111931367     
 -0.43749082840902065       0.68750922430127237     
  0.87500927701156539      -0.62499067027814159     
  0.43750938243215121      -0.68749056485755577     
  0.25000948785273724       0.50000954056303026     
  0.31250959327332328       0.93750964598361630     
  0.62500969869390932       0.62500975140420212     
 -0.81249019588550486      -0.43749014317521184     
   9.9095350811762017E-006 -0.24999003775462580     
 -0.93748998504433290      -0.81248993233403988     
  0.37501012037625303      -0.12498982691345395     
  -6.2489774203160930E-002 -0.18748972149286791     
 -0.24998966878257500      -0.99998961607228198     
 -0.18748956336198896      -0.56248951065169606     
  0.12501054205859696      -0.87498940523111002     
  0.68751064747918300        6.2510700189476021E-002
 -0.49998924710023107       0.25001080561006184     
