   5.9167303875541860E-005   5.9773472244868128E-005
   6.0854033251058425E-005   6.1460201620384692E-005
   6.2540762626574990E-005   6.3146930995901243E-005
   6.4227492002091541E-005   6.4833660371417808E-005
   6.5914221377608105E-005   6.6520389746934372E-005
   6.7600950753124670E-005   6.8207119122450937E-005
   6.9287680128641221E-005   6.9893848497967488E-005
   7.0974409504157785E-005   7.1580577873484052E-005
   7.2661138879674350E-005   7.3267307249000617E-005
   7.4347868255190914E-005   7.4954036624517168E-005
   7.6034597630707465E-005   7.6640766000033732E-005
   7.7721327006224030E-005   7.8327495375550297E-005
   7.9408056381740594E-005   8.0014224751066861E-005
   8.1094785757257159E-005   8.1700954126583412E-005
   8.2781515132773710E-005   8.3387683502099977E-005
   8.4468244508290275E-005   8.5074412877616542E-005
   8.6154973883806839E-005   8.6761142253133106E-005
   8.7841703259323390E-005   8.8447871628649657E-005
   8.9528432634839955E-005   9.0134601004166222E-005
   9.1215162010356519E-005   9.1821330379682786E-005
   9.2901891385873084E-005   9.3508059755199337E-005
   9.4588620761389635E-005   9.5194789130715902E-005
   9.6275350136906199E-005   9.6881518506232466E-005
   9.7962079512422764E-005   9.8568247881749031E-005
   9.9648808887939328E-005   1.0025497725726558E-004
   1.0133553826345588E-004   1.0194170663278215E-004
   1.0302226763897244E-004   1.0362843600829871E-004
   1.0470899701448901E-004   1.0531516538381528E-004
   1.0639572639000556E-004   1.0700189475933183E-004
   1.0808245576552212E-004   1.0868862413484839E-004
   1.0976918514103869E-004   1.1037535351036496E-004
   1.1145591451655525E-004   1.1206208288588151E-004
   1.1314264389207180E-004   1.1374881226139807E-004
   1.1482937326758837E-004   1.1543554163691464E-004
   1.1651610264310493E-004   1.1712227101243120E-004
   1.1820283201862150E-004   1.1880900038794775E-004
   1.1988956139413805E-004   1.2049572976346432E-004
   1.2157629076965461E-004   1.2218245913898088E-004
   1.2326302014517118E-004   1.2386918851449744E-004
   1.2494974952068774E-004   1.2555591789001401E-004
   1.2663647889620431E-004   1.2724264726553057E-004
   1.2832320827172084E-004   1.2892937664104711E-004
   1.3000993764723741E-004   1.3061610601656368E-004
   1.3169666702275397E-004   1.3230283539208024E-004
   1.3338339639827054E-004   1.3398956476759681E-004
   1.3507012577378710E-004   1.3567629414311337E-004
   1.3675685514930367E-004   1.3736302351862993E-004
   1.3844358452482023E-004   1.3904975289414650E-004
   1.4013031390033680E-004   1.4073648226966304E-004
   1.4181704327585333E-004   1.4242321164517960E-004
   1.4350377265136990E-004   1.4410994102069617E-004
   1.4519050202688646E-004   1.4579667039621273E-004
   1.4687723140240303E-004   1.4748339977172929E-004
   1.4856396077791959E-004   1.4917012914724586E-004
   1.5025069015343616E-004   1.5085685852276242E-004
   1.5193741952895272E-004   1.5254358789827896E-004
   1.5362414890446926E-004   1.5423031727379553E-004
   1.5531087827998582E-004   1.5591704664931209E-004
   1.5699760765550239E-004   1.5760377602482865E-004
   1.5868433703101895E-004   1.5929050540034522E-004
   1.6037106640653552E-004   1.6097723477586178E-004
   1.6205779578205208E-004   1.6266396415137835E-004
   1.6374452515756865E-004   1.6435069352689491E-004
   1.6543125453308518E-004   1.6603742290241145E-004
   1.6711798390860175E-004   1.6772415227792801E-004
   1.6880471328411831E-004   1.6941088165344458E-004
   1.7049144265963488E-004   1.7109761102896114E-004
   1.7217817203515144E-004   1.7278434040447771E-004
   1.7386490141066801E-004   1.7447106977999427E-004
   1.7555163078618457E-004   1.7615779915551084E-004
   1.7723836016170114E-004   1.7784452853102738E-004
   1.7892508953721767E-004   1.7953125790654394E-004
   1.8061181891273424E-004   1.8121798728206050E-004
   1.8229854828825080E-004   1.8290471665757707E-004
   1.8398527766376737E-004   1.8459144603309363E-004
   1.8567200703928393E-004   1.8627817540861020E-004
   1.8735873641480050E-004   1.8796490478412676E-004
   1.8904546579031706E-004   1.8965163415964330E-004
   1.9073219516583360E-004   1.9133836353515986E-004
   1.9241892454135016E-004   1.9302509291067643E-004
   1.9410565391686673E-004   1.9471182228619299E-004
   1.9579238329238329E-004   1.9639855166170956E-004
   1.9747911266789986E-004   1.9808528103722612E-004
   1.9916584204341642E-004   1.9977201041274269E-004
   2.0085257141893298E-004   2.0145873978825925E-004
   2.0253930079444955E-004   2.0314546916377579E-004
   2.0422603016996609E-004   2.0483219853929235E-004
   2.0591275954548265E-004   2.0651892791480892E-004
   2.0759948892099922E-004   2.0820565729032548E-004
   2.0928621829651578E-004   2.0989238666584205E-004
   2.1097294767203234E-004   2.1157911604135861E-004
   2.1265967704754891E-004   2.1326584541687518E-004
   2.1434640642306547E-004   2.1495257479239171E-004
   2.1603313579858201E-004   2.1663930416790828E-004
   2.1771986517409858E-004   2.1832603354342484E-004
   2.1940659454961514E-004   2.2001276291894141E-004
   2.2109332392513170E-004   2.2169949229445797E-004
   2.2278005330064827E-004   2.2338622166997454E-004
   2.2446678267616483E-004   2.2507295104549110E-004
   2.2615351205168140E-004   2.2675968042100764E-004
   2.2784024142719794E-004   2.2844640979652420E-004
   2.2952697080271450E-004   2.3013313917204077E-004
   2.3121370017823107E-004   2.3181986854755733E-004
   2.3290042955374763E-004   2.3350659792307390E-004
   2.3458715892926419E-004   2.3519332729859046E-004
   2.3627388830478076E-004   2.3688005667410703E-004
   2.3796061768029732E-004   2.3856678604962359E-004
   2.3964734705581389E-004   2.4025351542514013E-004
   2.4133407643133043E-004   2.4194024480065669E-004
   2.4302080580684699E-004   2.4362697417617326E-004
   2.4470753518236358E-004   2.4531370355168982E-004
   2.4639426455788009E-004   2.4700043292720639E-004
   2.4808099393339666E-004   2.4868716230272295E-004
   2.4976772330891322E-004   2.5037389167823952E-004
   2.5145445268442979E-004   2.5206062105375608E-004
   2.5314118205994635E-004   2.5374735042927264E-004
   2.5482791143546291E-004   2.5543407980478921E-004
   2.5651464081097948E-004   2.5712080918030577E-004
   2.5820137018649604E-004   2.5880753855582228E-004
   2.5988809956201261E-004   2.6049426793133885E-004
   2.6157482893752917E-004   2.6218099730685541E-004
   2.6326155831304574E-004   2.6386772668237198E-004
   2.6494828768856230E-004   2.6555445605788854E-004
   2.6663501706407887E-004   2.6724118543340511E-004
   2.6832174643959543E-004   2.6892791480892167E-004
   2.7000847581511200E-004   2.7061464418443824E-004
   2.7169520519062851E-004   2.7230137355995480E-004
   2.7338193456614507E-004   2.7398810293547136E-004
   2.7506866394166164E-004   2.7567483231098793E-004
   2.7675539331717820E-004   2.7736156168650449E-004
   2.7844212269269476E-004   2.7904829106202106E-004
   2.8012885206821133E-004   2.8073502043753762E-004
   2.8181558144372789E-004   2.8242174981305419E-004
   2.8350231081924446E-004   2.8410847918857070E-004
   2.8518904019476102E-004   2.8579520856408726E-004
   2.8687576957027759E-004   2.8748193793960383E-004
   2.8856249894579415E-004   2.8916866731512039E-004
   2.9024922832131072E-004   2.9085539669063696E-004
   2.9193595769682728E-004   2.9254212606615352E-004
   2.9362268707234385E-004   2.9422885544167009E-004
   2.9530941644786041E-004   2.9591558481718665E-004
   2.9699614582337692E-004   2.9760231419270321E-004
   2.9868287519889348E-004   2.9928904356821978E-004
   3.0036960457441005E-004   3.0097577294373634E-004
   3.0205633394992661E-004   3.0266250231925291E-004
   3.0374306332544318E-004   3.0434923169476947E-004
   3.0542979270095974E-004   3.0603596107028604E-004
   3.0711652207647631E-004   3.0772269044580255E-004
   3.0880325145199287E-004   3.0940941982131911E-004
   3.1048998082750944E-004   3.1109614919683568E-004
   3.1217671020302600E-004   3.1278287857235224E-004
   3.1386343957854257E-004   3.1446960794786881E-004
   3.1555016895405913E-004   3.1615633732338537E-004
   3.1723689832957569E-004   3.1784306669890193E-004
   3.1892362770509226E-004   3.1952979607441850E-004
   3.2061035708060882E-004   3.2121652544993506E-004
   3.2229708645612533E-004   3.2290325482545163E-004
   3.2398381583164190E-004   3.2458998420096819E-004
   3.2567054520715846E-004   3.2627671357648476E-004
   3.2735727458267503E-004   3.2796344295200132E-004
   3.2904400395819159E-004   3.2965017232751789E-004
   3.3073073333370816E-004   3.3133690170303445E-004
   3.3241746270922472E-004   3.3302363107855096E-004
   3.3410419208474129E-004   3.3471036045406753E-004
   3.3579092146025785E-004   3.3639708982958409E-004
   3.3747765083577442E-004   3.3808381920510066E-004
   3.3916438021129098E-004   3.3977054858061722E-004
   3.4085110958680754E-004   3.4145727795613378E-004
   3.4253783896232411E-004   3.4314400733165035E-004
   3.4422456833784067E-004   3.4483073670716691E-004
   3.4591129771335718E-004   3.4651746608268348E-004
   3.4759802708887375E-004   3.4820419545820004E-004
   3.4928475646439031E-004   3.4989092483371661E-004
   3.5097148583990688E-004   3.5157765420923317E-004
   3.5265821521542344E-004   3.5326438358474974E-004
   3.5434494459094001E-004   3.5495111296026630E-004
   3.5603167396645657E-004   3.5663784233578287E-004
   3.5771840334197314E-004   3.5832457171129938E-004
   3.5940513271748970E-004   3.6001130108681594E-004
   3.6109186209300626E-004   3.6169803046233250E-004
   3.6277859146852283E-004   3.6338475983784907E-004
   3.6446532084403939E-004   3.6507148921336563E-004
   3.6615205021955596E-004   3.6675821858888220E-004
   3.6783877959507252E-004   3.6844494796439876E-004
   3.6952550897058909E-004   3.7013167733991533E-004
   3.7121223834610560E-004   3.7181840671543189E-004
   3.7289896772162216E-004   3.7350513609094846E-004
   3.7458569709713873E-004   3.7519186546646502E-004
   3.7627242647265529E-004   3.7687859484198159E-004
   3.7795915584817186E-004   3.7856532421749815E-004
   3.7964588522368842E-004   3.8025205359301471E-004
   3.8133261459920498E-004   3.8193878296853128E-004
   3.8301934397472155E-004   3.8362551234404779E-004
   3.8470607335023811E-004   3.8531224171956435E-004
   3.8639280272575468E-004   3.8699897109508092E-004
   3.8807953210127124E-004   3.8868570047059748E-004
   3.8976626147678781E-004   3.9037242984611405E-004
   3.9145299085230437E-004   3.9205915922163061E-004
   3.9313972022782094E-004   3.9374588859714718E-004
   3.9482644960333750E-004   3.9543261797266374E-004
   3.9651317897885401E-004   3.9711934734818031E-004
   3.9819990835437058E-004   3.9880607672369687E-004
   3.9988663772988714E-004   4.0049280609921344E-004
   4.0157336710540371E-004   4.0217953547473000E-004
   4.0326009648092027E-004   4.0386626485024656E-004
   4.0494682585643683E-004   4.0555299422576313E-004
   4.0663355523195340E-004   4.0723972360127964E-004
   4.0832028460746996E-004   4.0892645297679620E-004
   4.1000701398298653E-004   4.1061318235231277E-004
   4.1169374335850309E-004   4.1229991172782933E-004
   4.1338047273401966E-004   4.1398664110334590E-004
   4.1506720210953622E-004   4.1567337047886246E-004
   4.1675393148505279E-004   4.1736009985437903E-004
   4.1844066086056935E-004   4.1904682922989559E-004
   4.2012739023608586E-004   4.2073355860541216E-004
   4.2181411961160243E-004   4.2242028798092872E-004
   4.2350084898711899E-004   4.2410701735644528E-004
   4.2518757836263555E-004   4.2579374673196185E-004
   4.2687430773815212E-004   4.2748047610747841E-004
   4.2856103711366868E-004   4.2916720548299498E-004
   4.3024776648918525E-004   4.3085393485851154E-004
   4.3193449586470181E-004   4.3254066423402805E-004
   4.3362122524021838E-004   4.3422739360954462E-004
   4.3530795461573494E-004   4.3591412298506118E-004
   4.3699468399125151E-004   4.3760085236057775E-004
   4.3868141336676807E-004   4.3928758173609431E-004
   4.4036814274228464E-004   4.4097431111161088E-004
   4.4205487211780120E-004   4.4266104048712744E-004
   4.4374160149331776E-004   4.4434776986264400E-004
   4.4542833086883428E-004   4.4603449923816057E-004
   4.4711506024435084E-004   4.4772122861367713E-004
   4.4880178961986740E-004   4.4940795798919370E-004
   4.5048851899538397E-004   4.5109468736471026E-004
   4.5217524837090053E-004   4.5278141674022683E-004
   4.5386197774641710E-004   4.5446814611574339E-004
   4.5554870712193366E-004   4.5615487549125996E-004
   4.5723543649745023E-004   4.5784160486677647E-004
   4.5892216587296679E-004   4.5952833424229303E-004
   4.6060889524848336E-004   4.6121506361780960E-004
   4.6229562462399992E-004   4.6290179299332616E-004
   4.6398235399951649E-004   4.6458852236884273E-004
   4.6566908337503305E-004   4.6627525174435929E-004
   4.6735581275054961E-004   4.6796198111987585E-004
   4.6904254212606618E-004   4.6964871049539242E-004
   4.7072927150158269E-004   4.7133543987090898E-004
   4.7241600087709925E-004   4.7302216924642555E-004
   4.7410273025261582E-004   4.7470889862194211E-004
   4.7578945962813238E-004   4.7639562799745868E-004
   4.7747618900364895E-004   4.7808235737297524E-004
   4.7916291837916551E-004   4.7976908674849181E-004
   4.8084964775468208E-004   4.8145581612400832E-004
   4.8253637713019864E-004   4.8314254549952488E-004
   4.8422310650571521E-004   4.8482927487504145E-004
   4.8590983588123177E-004   4.8651600425055801E-004
   4.8759656525674833E-004   4.8820273362607457E-004
   4.8928329463226485E-004   4.8988946300159114E-004
   4.9097002400778141E-004   4.9157619237710770E-004
   4.9265675338329797E-004   4.9326292175262427E-004
   4.9434348275881454E-004   4.9494965112814083E-004
   4.9603021213433110E-004   4.9663638050365740E-004
   4.9771694150984767E-004   4.9832310987917396E-004
   4.9940367088536423E-004   5.0000983925469053E-004
   5.0109040026088080E-004   5.0169656863020709E-004
   5.0277712963639736E-004   5.0338329800572366E-004
   5.0446385901191393E-004   5.0507002738124022E-004
   5.0615058838743049E-004   5.0675675675675678E-004
   5.0783731776294706E-004   5.0844348613227335E-004
   5.0952404713846362E-004   5.1013021550778991E-004
   5.1121077651398018E-004   5.1181694488330648E-004
   5.1289750588949675E-004   5.1350367425882304E-004
   5.1458423526501331E-004   5.1519040363433961E-004
   5.1627096464052988E-004   5.1687713300985617E-004
   5.1795769401604644E-004   5.1856386238537274E-004
   5.1964442339156301E-004   5.2025059176088919E-004
   5.2133115276707957E-004   5.2193732113640576E-004
   5.2301788214259614E-004   5.2362405051192232E-004
   5.2470461151811270E-004   5.2531077988743889E-004
   5.2639134089362927E-004   5.2699750926295545E-004
   5.2807807026914583E-004   5.2868423863847202E-004
   5.2976479964466239E-004   5.3037096801398858E-004
   5.3145152902017896E-004   5.3205769738950514E-004
   5.3313825839569542E-004   5.3374442676502171E-004
   5.3482498777121198E-004   5.3543115614053827E-004
   5.3651171714672854E-004   5.3711788551605484E-004
   5.3819844652224511E-004   5.3880461489157140E-004
   5.3988517589776167E-004   5.4049134426708797E-004
   5.4157190527327824E-004   5.4217807364260453E-004
   5.4325863464879480E-004   5.4386480301812110E-004
   5.4494536402431137E-004   5.4555153239363766E-004
   5.4663209339982793E-004   5.4723826176915423E-004
   5.4831882277534450E-004   5.4892499114467079E-004
   5.5000555215086106E-004   5.5061172052018735E-004
   5.5169228152637763E-004   5.5229844989570392E-004
   5.5337901090189419E-004   5.5398517927122048E-004
   5.5506574027741075E-004   5.5567190864673705E-004
   5.5675246965292732E-004   5.5735863802225361E-004
   5.5843919902844388E-004   5.5904536739777018E-004
   5.6012592840396045E-004   5.6073209677328674E-004
   5.6181265777947701E-004   5.6241882614880331E-004
   5.6349938715499358E-004   5.6410555552431987E-004
   5.6518611653051014E-004   5.6579228489983644E-004
   5.6687284590602671E-004   5.6747901427535300E-004
   5.6855957528154327E-004   5.6916574365086946E-004
   5.7024630465705984E-004   5.7085247302638602E-004
   5.7193303403257640E-004   5.7253920240190259E-004
   5.7361976340809296E-004   5.7422593177741915E-004
   5.7530649278360953E-004   5.7591266115293571E-004
   5.7699322215912609E-004   5.7759939052845228E-004
   5.7867995153464266E-004   5.7928611990396884E-004
   5.8036668091015922E-004   5.8097284927948541E-004
   5.8205341028567568E-004   5.8265957865500197E-004
   5.8374013966119224E-004   5.8434630803051854E-004
   5.8542686903670881E-004   5.8603303740603510E-004
   5.8711359841222537E-004   5.8771976678155167E-004
   5.8880032778774194E-004   5.8940649615706823E-004
   5.9048705716325850E-004   5.9109322553258480E-004
   5.9217378653877507E-004   5.9277995490810136E-004
   5.9386051591429163E-004   5.9446668428361792E-004
   5.9554724528980820E-004   5.9615341365913449E-004
   5.9723397466532476E-004   5.9784014303465105E-004
   5.9892070404084132E-004   5.9952687241016762E-004
   6.0060743341635789E-004   6.0121360178568418E-004
   6.0229416279187445E-004   6.0290033116120075E-004
   6.0398089216739102E-004   6.0458706053671731E-004
   6.0566762154290758E-004   6.0627378991223388E-004
   6.0735435091842415E-004   6.0796051928775044E-004
   6.0904108029394071E-004   6.0964724866326701E-004
   6.1072780966945728E-004   6.1133397803878357E-004
   6.1241453904497384E-004   6.1302070741430013E-004
   6.1410126842049041E-004   6.1470743678981670E-004
   6.1578799779600697E-004   6.1639416616533326E-004
   6.1747472717152353E-004   6.1808089554084983E-004
   6.1916145654704010E-004   6.1976762491636628E-004
   6.2084818592255666E-004   6.2145435429188285E-004
   6.2253491529807323E-004   6.2314108366739941E-004
   6.2422164467358979E-004   6.2482781304291598E-004
   6.2590837404910636E-004   6.2651454241843254E-004
   6.2759510342462292E-004   6.2820127179394911E-004
   6.2928183280013949E-004   6.2988800116946567E-004
   6.3096856217565605E-004   6.3157473054498224E-004
   6.3265529155117251E-004   6.3326145992049880E-004
   6.3434202092668907E-004   6.3494818929601537E-004
   6.3602875030220564E-004   6.3663491867153193E-004
   6.3771547967772220E-004   6.3832164804704849E-004
   6.3940220905323876E-004   6.4000837742256506E-004
   6.4108893842875533E-004   6.4169510679808162E-004
   6.4277566780427189E-004   6.4338183617359819E-004
   6.4446239717978846E-004   6.4506856554911475E-004
   6.4614912655530502E-004   6.4675529492463132E-004
   6.4783585593082159E-004   6.4844202430014788E-004
   6.4952258530633815E-004   6.5012875367566445E-004
   6.5120931468185472E-004   6.5181548305118101E-004
   6.5289604405737128E-004   6.5350221242669758E-004
   6.5458277343288785E-004   6.5518894180221414E-004
   6.5626950280840441E-004   6.5687567117773070E-004
   6.5795623218392098E-004   6.5856240055324727E-004
   6.5964296155943754E-004   6.6024912992876383E-004
   6.6132969093495410E-004   6.6193585930428040E-004
   6.6301642031047067E-004   6.6362258867979696E-004
   6.6470314968598723E-004   6.6530931805531353E-004
   6.6638987906150380E-004   6.6699604743083009E-004
   6.6807660843702036E-004   6.6868277680634655E-004
   6.6976333781253693E-004   6.7036950618186311E-004
   6.7145006718805349E-004   6.7205623555737968E-004
   6.7313679656357006E-004   6.7374296493289624E-004
   6.7482352593908662E-004   6.7542969430841281E-004
   6.7651025531460319E-004   6.7711642368392937E-004
   6.7819698469011975E-004   6.7880315305944594E-004
   6.7988371406563631E-004   6.8048988243496250E-004
   6.8157044344115277E-004   6.8217661181047906E-004
   6.8325717281666933E-004   6.8386334118599563E-004
   6.8494390219218590E-004   6.8555007056151219E-004
   6.8663063156770246E-004   6.8723679993702876E-004
   6.8831736094321903E-004   6.8892352931254532E-004
   6.9000409031873559E-004   6.9061025868806189E-004
   6.9169081969425216E-004   6.9229698806357845E-004
   6.9337754906976872E-004   6.9398371743909502E-004
   6.9506427844528529E-004   6.9567044681461158E-004
   6.9675100782080185E-004   6.9735717619012815E-004
   6.9843773719631842E-004   6.9904390556564471E-004
   7.0012446657183498E-004   7.0073063494116127E-004
   7.0181119594735154E-004   7.0241736431667784E-004
   7.0349792532286811E-004   7.0410409369219440E-004
   7.0518465469838467E-004   7.0579082306771097E-004
   7.0687138407390124E-004   7.0747755244322753E-004
   7.0855811344941780E-004   7.0916428181874410E-004
   7.1024484282493437E-004   7.1085101119426066E-004
   7.1193157220045093E-004   7.1253774056977723E-004
   7.1361830157596750E-004   7.1422446994529379E-004
   7.1530503095148406E-004   7.1591119932081036E-004
   7.1699176032700063E-004   7.1759792869632681E-004
   7.1867848970251719E-004   7.1928465807184338E-004
   7.2036521907803376E-004   7.2097138744735994E-004
   7.2205194845355032E-004   7.2265811682287651E-004
   7.2373867782906688E-004   7.2434484619839307E-004
   7.2542540720458345E-004   7.2603157557390963E-004
   7.2711213658010001E-004   7.2771830494942620E-004
   7.2879886595561658E-004   7.2940503432494276E-004
   7.3048559533113314E-004   7.3109176370045933E-004
   7.3217232470664960E-004   7.3277849307597589E-004
   7.3385905408216616E-004   7.3446522245149246E-004
   7.3554578345768273E-004   7.3615195182700902E-004
   7.3723251283319929E-004   7.3783868120252559E-004
   7.3891924220871586E-004   7.3952541057804215E-004
   7.4060597158423242E-004   7.4121213995355872E-004
   7.4229270095974899E-004   7.4289886932907528E-004
   7.4397943033526555E-004   7.4458559870459184E-004
   7.4566615971078211E-004   7.4627232808010841E-004
   7.4735288908629868E-004   7.4795905745562497E-004
   7.4903961846181524E-004   7.4964578683114154E-004
   7.5072634783733181E-004   7.5133251620665810E-004
   7.5241307721284837E-004   7.5301924558217467E-004
   7.5409980658836494E-004   7.5470597495769123E-004
   7.5578653596388150E-004   7.5639270433320780E-004
   7.5747326533939807E-004   7.5807943370872436E-004
   7.5915999471491463E-004   7.5976616308424093E-004
   7.6084672409043120E-004   7.6145289245975749E-004
   7.6253345346594776E-004   7.6313962183527405E-004
   7.6422018284146432E-004   7.6482635121079062E-004
   7.6590691221698089E-004   7.6651308058630718E-004
   7.6759364159249745E-004   7.6819980996182364E-004
   7.6928037096801402E-004   7.6988653933734020E-004
   7.7096710034353058E-004   7.7157326871285677E-004
   7.7265382971904715E-004   7.7325999808837333E-004
   7.7434055909456371E-004   7.7494672746388990E-004
   7.7602728847008028E-004   7.7663345683940646E-004
   7.7771401784559684E-004   7.7832018621492303E-004
   7.7940074722111341E-004   7.8000691559043959E-004
   7.8108747659662986E-004   7.8169364496595616E-004
   7.8277420597214643E-004   7.8338037434147272E-004
   7.8446093534766299E-004   7.8506710371698929E-004
   7.8614766472317956E-004   7.8675383309250585E-004
   7.8783439409869612E-004   7.8844056246802241E-004
   7.8952112347421268E-004   7.9012729184353898E-004
   7.9120785284972925E-004   7.9181402121905554E-004
   7.9289458222524581E-004   7.9350075059457211E-004
   7.9458131160076238E-004   7.9518747997008867E-004
   7.9626804097627894E-004   7.9687420934560524E-004
   7.9795477035179551E-004   7.9856093872112180E-004
   7.9964149972731207E-004   8.0024766809663837E-004
   8.0132822910282864E-004   8.0193439747215493E-004
   8.0301495847834520E-004   8.0362112684767150E-004
   8.0470168785386177E-004   8.0530785622318806E-004
   8.0638841722937833E-004   8.0699458559870462E-004
   8.0807514660489489E-004   8.0868131497422119E-004
   8.0976187598041146E-004   8.1036804434973775E-004
   8.1144860535592802E-004   8.1205477372525432E-004
   8.1313533473144459E-004   8.1374150310077088E-004
   8.1482206410696115E-004   8.1542823247628745E-004
   8.1650879348247772E-004   8.1711496185180390E-004
   8.1819552285799428E-004   8.1880169122732047E-004
   8.1988225223351085E-004   8.2048842060283703E-004
   8.2156898160902741E-004   8.2217514997835360E-004
   8.2325571098454398E-004   8.2386187935387016E-004
   8.2494244036006054E-004   8.2554860872938673E-004
   8.2662916973557710E-004   8.2723533810490329E-004
   8.2831589911109367E-004   8.2892206748041986E-004
   8.3000262848661023E-004   8.3060879685593642E-004
   8.3168935786212669E-004   8.3229552623145298E-004
   8.3337608723764325E-004   8.3398225560696955E-004
   8.3506281661315982E-004   8.3566898498248611E-004
   8.3674954598867638E-004   8.3735571435800268E-004
   8.3843627536419295E-004   8.3904244373351924E-004
   8.4012300473970951E-004   8.4072917310903581E-004
   8.4180973411522608E-004   8.4241590248455237E-004
   8.4349646349074264E-004   8.4410263186006894E-004
   8.4518319286625921E-004   8.4578936123558550E-004
   8.4686992224177577E-004   8.4747609061110207E-004
   8.4855665161729234E-004   8.4916281998661863E-004
   8.5024338099280890E-004   8.5084954936213519E-004
   8.5193011036832546E-004   8.5253627873765176E-004
   8.5361683974384203E-004   8.5422300811316832E-004
   8.5530356911935859E-004   8.5590973748868489E-004
   8.5699029849487516E-004   8.5759646686420145E-004
   8.5867702787039172E-004   8.5928319623971802E-004
   8.6036375724590829E-004   8.6096992561523458E-004
   8.6205048662142485E-004   8.6265665499075115E-004
   8.6373721599694142E-004   8.6434338436626771E-004
   8.6542394537245798E-004   8.6603011374178428E-004
   8.6711067474797455E-004   8.6771684311730073E-004
   8.6879740412349111E-004   8.6940357249281730E-004
   8.7048413349900767E-004   8.7109030186833386E-004
   8.7217086287452424E-004   8.7277703124385043E-004
   8.7385759225004080E-004   8.7446376061936699E-004
   8.7554432162555737E-004   8.7615048999488355E-004
   8.7723105100107393E-004   8.7783721937040012E-004
   8.7891778037659050E-004   8.7952394874591668E-004
   8.8060450975210695E-004   8.8121067812143325E-004
   8.8229123912762352E-004   8.8289740749694981E-004
   8.8397796850314008E-004   8.8458413687246638E-004
   8.8566469787865665E-004   8.8627086624798294E-004
   8.8735142725417321E-004   8.8795759562349951E-004
   8.8903815662968978E-004   8.8964432499901607E-004
   8.9072488600520634E-004   8.9133105437453264E-004
   8.9241161538072291E-004   8.9301778375004920E-004
   8.9409834475623947E-004   8.9470451312556576E-004
   8.9578507413175603E-004   8.9639124250108233E-004
   8.9747180350727260E-004   8.9807797187659889E-004
   8.9915853288278916E-004   8.9976470125211546E-004
   9.0084526225830573E-004   9.0145143062763202E-004
   9.0253199163382229E-004   9.0313816000314859E-004
   9.0421872100933886E-004   9.0482488937866515E-004
   9.0590545038485542E-004   9.0651161875418172E-004
   9.0759217976037199E-004   9.0819834812969828E-004
   9.0927890913588855E-004   9.0988507750521485E-004
   9.1096563851140512E-004   9.1157180688073141E-004
   9.1265236788692168E-004   9.1325853625624797E-004
   9.1433909726243824E-004   9.1494526563176454E-004
   9.1602582663795481E-004   9.1663199500728100E-004
   9.1771255601347137E-004   9.1831872438279756E-004
   9.1939928538898794E-004   9.2000545375831412E-004
   9.2108601476450450E-004   9.2169218313383069E-004
   9.2277274414002107E-004   9.2337891250934725E-004
   9.2445947351553763E-004   9.2506564188486382E-004
   9.2614620289105420E-004   9.2675237126038038E-004
   9.2783293226657076E-004   9.2843910063589695E-004
   9.2951966164208722E-004   9.3012583001141351E-004
   9.3120639101760378E-004   9.3181255938693008E-004
   9.3289312039312035E-004   9.3349928876244664E-004
   9.3457984976863691E-004   9.3518601813796321E-004
   9.3626657914415348E-004   9.3687274751347977E-004
   9.3795330851967004E-004   9.3855947688899633E-004
   9.3964003789518660E-004   9.4024620626451290E-004
   9.4132676727070317E-004   9.4193293564002946E-004
   9.4301349664621973E-004   9.4361966501554603E-004
   9.4470022602173630E-004   9.4530639439106259E-004
   9.4638695539725286E-004   9.4699312376657916E-004
   9.4807368477276943E-004   9.4867985314209572E-004
   9.4976041414828599E-004   9.5036658251761229E-004
   9.5144714352380256E-004   9.5205331189312885E-004
   9.5313387289931912E-004   9.5374004126864542E-004
   9.5482060227483569E-004   9.5542677064416198E-004
   9.5650733165035225E-004   9.5711350001967854E-004
   9.5819406102586881E-004   9.5880022939519511E-004
   9.5988079040138538E-004   9.6048695877071167E-004
   9.6156751977690194E-004   9.6217368814622824E-004
   9.6325424915241851E-004   9.6386041752174480E-004
   9.6494097852793507E-004   9.6554714689726137E-004
   9.6662770790345164E-004   9.6723387627277782E-004
   9.6831443727896820E-004   9.6892060564829439E-004
   9.7000116665448477E-004   9.7060733502381095E-004
   9.7168789603000133E-004   9.7229406439932752E-004
   9.7337462540551790E-004   9.7398079377484408E-004
   9.7506135478103446E-004   9.7566752315036065E-004
   9.7674808415655102E-004   9.7735425252587732E-004
   9.7843481353206748E-004   9.7904098190139377E-004
   9.8012154290758415E-004   9.8072771127691045E-004
   9.8180827228310061E-004   9.8241444065242690E-004
   9.8349500165861728E-004   9.8410117002794358E-004
   9.8518173103413374E-004   9.8578789940346003E-004
   9.8686846040965041E-004   9.8747462877897671E-004
   9.8855518978516687E-004   9.8916135815449316E-004
   9.9024191916068354E-004   9.9084808753000962E-004
   9.9192864853620000E-004   9.9253481690552629E-004
   9.9361537791171667E-004   9.9422154628104275E-004
   9.9530210728723313E-004   9.9590827565655942E-004
   9.9698883666274980E-004   9.9759500503207588E-004
   9.9867556603826626E-004   9.9928173440759255E-004
   1.0003622954137829E-003   1.0009684637831090E-003
   1.0020490247892994E-003   1.0026551931586257E-003
   1.0037357541648161E-003   1.0043419225341421E-003
   1.0054224835403325E-003   1.0060286519096588E-003
   1.0071092129158490E-003   1.0077153812851753E-003
   1.0087959422913656E-003   1.0094021106606919E-003
   1.0104826716668821E-003   1.0110888400362084E-003
   1.0121694010423988E-003   1.0127755694117251E-003
   1.0138561304179152E-003   1.0144622987872415E-003
   1.0155428597934319E-003   1.0161490281627582E-003
   1.0172295891689484E-003   1.0178357575382747E-003
   1.0189163185444650E-003   1.0195224869137913E-003
   1.0206030479199815E-003   1.0212092162893078E-003
   1.0222897772954982E-003   1.0228959456648245E-003
   1.0239765066710146E-003   1.0245826750403409E-003
   1.0256632360465313E-003   1.0262694044158576E-003
   1.0273499654220477E-003   1.0279561337913740E-003
   1.0290366947975644E-003   1.0296428631668907E-003
   1.0307234241730809E-003   1.0313295925424072E-003
   1.0324101535485975E-003   1.0330163219179238E-003
   1.0340968829241140E-003   1.0347030512934403E-003
   1.0357836122996307E-003   1.0363897806689570E-003
   1.0374703416751471E-003   1.0380765100444734E-003
   1.0391570710506638E-003   1.0397632394199901E-003
   1.0408438004261803E-003   1.0414499687955066E-003
   1.0425305298016969E-003   1.0431366981710230E-003
   1.0442172591772134E-003   1.0448234275465397E-003
   1.0459039885527301E-003   1.0465101569220561E-003
   1.0475907179282465E-003   1.0481968862975728E-003
   1.0492774473037632E-003   1.0498836156730893E-003
   1.0509641766792796E-003   1.0515703450486059E-003
   1.0526509060547963E-003   1.0532570744241224E-003
   1.0543376354303128E-003   1.0549438037996391E-003
   1.0560243648058292E-003   1.0566305331751555E-003
   1.0577110941813459E-003   1.0583172625506722E-003
   1.0593978235568624E-003   1.0600039919261887E-003
   1.0610845529323790E-003   1.0616907213017053E-003
   1.0627712823078955E-003   1.0633774506772218E-003
   1.0644580116834122E-003   1.0650641800527385E-003
   1.0661447410589286E-003   1.0667509094282549E-003
   1.0678314704344453E-003   1.0684376388037716E-003
   1.0695181998099617E-003   1.0701243681792880E-003
   1.0712049291854784E-003   1.0718110975548047E-003
   1.0728916585609949E-003   1.0734978269303212E-003
   1.0745783879365116E-003   1.0751845563058378E-003
   1.0762651173120280E-003   1.0768712856813543E-003
   1.0779518466875447E-003   1.0785580150568710E-003
   1.0796385760630611E-003   1.0802447444323874E-003
   1.0813253054385778E-003   1.0819314738079041E-003
   1.0830120348140943E-003   1.0836182031834206E-003
   1.0846987641896109E-003   1.0853049325589372E-003
   1.0863854935651274E-003   1.0869916619344537E-003
   1.0880722229406441E-003   1.0886783913099704E-003
   1.0897589523161605E-003   1.0903651206854868E-003
   1.0914456816916772E-003   1.0920518500610033E-003
   1.0931324110671937E-003   1.0937385794365199E-003
   1.0948191404427103E-003   1.0954253088120364E-003
   1.0965058698182268E-003   1.0971120381875531E-003
   1.0981925991937435E-003   1.0987987675630695E-003
   1.0998793285692599E-003   1.1004854969385862E-003
   1.1015660579447766E-003   1.1021722263141027E-003
   1.1032527873202930E-003   1.1038589556896193E-003
   1.1049395166958095E-003   1.1055456850651358E-003
   1.1066262460713262E-003   1.1072324144406525E-003
   1.1083129754468426E-003   1.1089191438161689E-003
   1.1099997048223593E-003   1.1106058731916856E-003
   1.1116864341978758E-003   1.1122926025672020E-003
   1.1133731635733924E-003   1.1139793319427187E-003
   1.1150598929489089E-003   1.1156660613182352E-003
   1.1167466223244256E-003   1.1173527906937519E-003
   1.1184333516999420E-003   1.1190395200692683E-003
   1.1201200810754587E-003   1.1207262494447850E-003
   1.1218068104509751E-003   1.1224129788203014E-003
   1.1234935398264918E-003   1.1240997081958181E-003
   1.1251802692020083E-003   1.1257864375713346E-003
   1.1268669985775249E-003   1.1274731669468512E-003
   1.1285537279530414E-003   1.1291598963223677E-003
   1.1302404573285581E-003   1.1308466256978844E-003
   1.1319271867040745E-003   1.1325333550734008E-003
   1.1336139160795912E-003   1.1342200844489175E-003
   1.1353006454551077E-003   1.1359068138244340E-003
   1.1369873748306243E-003   1.1375935431999506E-003
   1.1386741042061408E-003   1.1392802725754671E-003
   1.1403608335816575E-003   1.1409670019509835E-003
   1.1420475629571739E-003   1.1426537313265002E-003
   1.1437342923326906E-003   1.1443404607020167E-003
   1.1454210217082070E-003   1.1460271900775333E-003
   1.1471077510837237E-003   1.1477139194530498E-003
   1.1487944804592402E-003   1.1494006488285665E-003
   1.1504812098347568E-003   1.1510873782040829E-003
   1.1521679392102733E-003   1.1527741075795996E-003
   1.1538546685857898E-003   1.1544608369551161E-003
   1.1555413979613064E-003   1.1561475663306327E-003
   1.1572281273368229E-003   1.1578342957061492E-003
   1.1589148567123396E-003   1.1595210250816659E-003
   1.1606015860878560E-003   1.1612077544571823E-003
   1.1622883154633727E-003   1.1628944838326990E-003
   1.1639750448388891E-003   1.1645812132082154E-003
   1.1656617742144058E-003   1.1662679425837321E-003
   1.1673485035899223E-003   1.1679546719592486E-003
   1.1690352329654389E-003   1.1696414013347652E-003
   1.1707219623409554E-003   1.1713281307102817E-003
   1.1724086917164721E-003   1.1730148600857984E-003
   1.1740954210919885E-003   1.1747015894613148E-003
   1.1757821504675052E-003   1.1763883188368315E-003
   1.1774688798430217E-003   1.1780750482123480E-003
   1.1791556092185383E-003   1.1797617775878646E-003
   1.1808423385940548E-003   1.1814485069633811E-003
   1.1825290679695715E-003   1.1831352363388978E-003
   1.1842157973450879E-003   1.1848219657144142E-003
   1.1859025267206046E-003   1.1865086950899309E-003
   1.1875892560961211E-003   1.1881954244654473E-003
   1.1892759854716377E-003   1.1898821538409638E-003
   1.1909627148471542E-003   1.1915688832164805E-003
   1.1926494442226709E-003   1.1932556125919969E-003
   1.1943361735981873E-003   1.1949423419675136E-003
   1.1960229029737040E-003   1.1966290713430301E-003
   1.1977096323492204E-003   1.1983158007185467E-003
   1.1993963617247371E-003   1.2000025300940632E-003
   1.2010830911002536E-003   1.2016892594695799E-003
   1.2027698204757702E-003   1.2033759888450963E-003
   1.2044565498512867E-003   1.2050627182206130E-003
   1.2061432792268032E-003   1.2067494475961294E-003
   1.2078300086023198E-003   1.2084361769716461E-003
   1.2095167379778363E-003   1.2101229063471626E-003
   1.2112034673533530E-003   1.2118096357226792E-003
   1.2128901967288694E-003   1.2134963650981957E-003
   1.2145769261043861E-003   1.2151830944737124E-003
   1.2162636554799025E-003   1.2168698238492288E-003
   1.2179503848554192E-003   1.2185565532247455E-003
   1.2196371142309357E-003   1.2202432826002620E-003
   1.2213238436064523E-003   1.2219300119757786E-003
   1.2230105729819688E-003   1.2236167413512951E-003
   1.2246973023574855E-003   1.2253034707268118E-003
   1.2263840317330019E-003   1.2269902001023282E-003
   1.2280707611085186E-003   1.2286769294778449E-003
   1.2297574904840351E-003   1.2303636588533614E-003
   1.2314442198595517E-003   1.2320503882288780E-003
   1.2331309492350682E-003   1.2337371176043945E-003
   1.2348176786105849E-003   1.2354238469799112E-003
   1.2365044079861013E-003   1.2371105763554276E-003
   1.2381911373616180E-003   1.2387973057309443E-003
   1.2398778667371344E-003   1.2404840351064607E-003
   1.2415645961126511E-003   1.2421707644819772E-003
   1.2432513254881676E-003   1.2438574938574939E-003
   1.2449380548636842E-003   1.2455442232330103E-003
   1.2466247842392007E-003   1.2472309526085270E-003
   1.2483115136147174E-003   1.2489176819840435E-003
   1.2499982429902338E-003   1.2506044113595601E-003
   1.2516849723657505E-003   1.2522911407350766E-003
   1.2533717017412670E-003   1.2539778701105933E-003
   1.2550584311167834E-003   1.2556645994861097E-003
   1.2567451604923001E-003   1.2573513288616264E-003
   1.2584318898678165E-003   1.2590380582371428E-003
   1.2601186192433332E-003   1.2607247876126595E-003
   1.2618053486188497E-003   1.2624115169881760E-003
   1.2634920779943663E-003   1.2640982463636926E-003
   1.2651788073698828E-003   1.2657849757392091E-003
   1.2668655367453995E-003   1.2674717051147258E-003
   1.2685522661209159E-003   1.2691584344902422E-003
   1.2702389954964326E-003   1.2708451638657589E-003
   1.2719257248719491E-003   1.2725318932412754E-003
   1.2736124542474657E-003   1.2742186226167920E-003
   1.2752991836229822E-003   1.2759053519923085E-003
   1.2769859129984989E-003   1.2775920813678252E-003
   1.2786726423740153E-003   1.2792788107433416E-003
   1.2803593717495320E-003   1.2809655401188583E-003
   1.2820461011250484E-003   1.2826522694943747E-003
   1.2837328305005651E-003   1.2843389988698914E-003
   1.2854195598760816E-003   1.2860257282454079E-003
   1.2871062892515983E-003   1.2877124576209245E-003
   1.2887930186271147E-003   1.2893991869964410E-003
   1.2904797480026314E-003   1.2910859163719575E-003
   1.2921664773781478E-003   1.2927726457474741E-003
   1.2938532067536645E-003   1.2944593751229906E-003
   1.2955399361291810E-003   1.2961461044985073E-003
   1.2972266655046976E-003   1.2978328338740237E-003
   1.2989133948802141E-003   1.2995195632495404E-003
   1.3006001242557308E-003   1.3012062926250568E-003
   1.3022868536312472E-003   1.3028930220005735E-003
   1.3039735830067637E-003   1.3045797513760900E-003
   1.3056603123822804E-003   1.3062664807516066E-003
   1.3073470417577968E-003   1.3079532101271231E-003
   1.3090337711333135E-003   1.3096399395026398E-003
   1.3107205005088299E-003   1.3113266688781562E-003
   1.3124072298843466E-003   1.3130133982536729E-003
   1.3140939592598631E-003   1.3147001276291894E-003
   1.3157806886353797E-003   1.3163868570047060E-003
   1.3174674180108962E-003   1.3180735863802225E-003
   1.3191541473864129E-003   1.3197603157557392E-003
   1.3208408767619293E-003   1.3214470451312556E-003
   1.3225276061374460E-003   1.3231337745067723E-003
   1.3242143355129625E-003   1.3248205038822887E-003
   1.3259010648884791E-003   1.3265072332578054E-003
   1.3275877942639956E-003   1.3281939626333219E-003
   1.3292745236395123E-003   1.3298806920088386E-003
   1.3309612530150287E-003   1.3315674213843550E-003
   1.3326479823905454E-003   1.3332541507598717E-003
   1.3343347117660618E-003   1.3349408801353881E-003
   1.3360214411415785E-003   1.3366276095109048E-003
   1.3377081705170950E-003   1.3383143388864213E-003
   1.3393948998926116E-003   1.3400010682619377E-003
   1.3410816292681281E-003   1.3416877976374544E-003
   1.3427683586436448E-003   1.3433745270129709E-003
   1.3444550880191612E-003   1.3450612563884875E-003
   1.3461418173946779E-003   1.3467479857640040E-003
   1.3478285467701944E-003   1.3484347151395207E-003
   1.3495152761457110E-003   1.3501214445150371E-003
   1.3512020055212275E-003   1.3518081738905538E-003
   1.3528887348967439E-003   1.3534949032660702E-003
   1.3545754642722606E-003   1.3551816326415869E-003
   1.3562621936477771E-003   1.3568683620171034E-003
   1.3579489230232937E-003   1.3585550913926200E-003
   1.3596356523988102E-003   1.3602418207681365E-003
   1.3613223817743269E-003   1.3619285501436532E-003
   1.3630091111498433E-003   1.3636152795191696E-003
   1.3646958405253600E-003   1.3653020088946863E-003
   1.3663825699008765E-003   1.3669887382702028E-003
   1.3680692992763931E-003   1.3686754676457194E-003
   1.3697560286519096E-003   1.3703621970212359E-003
   1.3714427580274263E-003   1.3720489263967526E-003
   1.3731294874029427E-003   1.3737356557722690E-003
   1.3748162167784594E-003   1.3754223851477857E-003
   1.3765029461539758E-003   1.3771091145233021E-003
   1.3781896755294925E-003   1.3787958438988188E-003
   1.3798764049050090E-003   1.3804825732743353E-003
   1.3815631342805256E-003   1.3821693026498519E-003
   1.3832498636560421E-003   1.3838560320253684E-003
   1.3849365930315588E-003   1.3855427614008851E-003
   1.3866233224070752E-003   1.3872294907764015E-003
   1.3883100517825919E-003   1.3889162201519180E-003
   1.3899967811581084E-003   1.3906029495274347E-003
   1.3916835105336250E-003   1.3922896789029511E-003
   1.3933702399091415E-003   1.3939764082784678E-003
   1.3950569692846582E-003   1.3956631376539842E-003
   1.3967436986601746E-003   1.3973498670295009E-003
   1.3984304280356913E-003   1.3990365964050174E-003
   1.4001171574112078E-003   1.4007233257805340E-003
   1.4018038867867242E-003   1.4024100551560505E-003
   1.4034906161622409E-003   1.4040967845315672E-003
   1.4051773455377573E-003   1.4057835139070836E-003
   1.4068640749132740E-003   1.4074702432826003E-003
   1.4085508042887905E-003   1.4091569726581168E-003
   1.4102375336643071E-003   1.4108437020336334E-003
   1.4119242630398236E-003   1.4125304314091499E-003
   1.4136109924153403E-003   1.4142171607846666E-003
   1.4152977217908567E-003   1.4159038901601830E-003
   1.4169844511663734E-003   1.4175906195356997E-003
   1.4186711805418899E-003   1.4192773489112161E-003
   1.4203579099174065E-003   1.4209640782867328E-003
   1.4220446392929230E-003   1.4226508076622493E-003
   1.4237313686684397E-003   1.4243375370377659E-003
   1.4254180980439561E-003   1.4260242664132824E-003
   1.4271048274194728E-003   1.4277109957887991E-003
   1.4287915567949892E-003   1.4293977251643155E-003
   1.4304782861705059E-003   1.4310844545398322E-003
   1.4321650155460224E-003   1.4327711839153487E-003
   1.4338517449215390E-003   1.4344579132908653E-003
   1.4355384742970555E-003   1.4361446426663818E-003
   1.4372252036725722E-003   1.4378313720418985E-003
   1.4389119330480886E-003   1.4395181014174149E-003
   1.4405986624236053E-003   1.4412048307929314E-003
   1.4422853917991218E-003   1.4428915601684481E-003
   1.4439721211746384E-003   1.4445782895439645E-003
   1.4456588505501549E-003   1.4462650189194812E-003
   1.4473455799256716E-003   1.4479517482949976E-003
   1.4490323093011880E-003   1.4496384776705143E-003
   1.4507190386767047E-003   1.4513252070460308E-003
   1.4524057680522211E-003   1.4530119364215474E-003
   1.4540924974277376E-003   1.4546986657970639E-003
   1.4557792268032543E-003   1.4563853951725806E-003
   1.4574659561787707E-003   1.4580721245480970E-003
   1.4591526855542874E-003   1.4597588539236137E-003
   1.4608394149298039E-003   1.4614455832991302E-003
   1.4625261443053205E-003   1.4631323126746468E-003
   1.4642128736808370E-003   1.4648190420501633E-003
   1.4658996030563537E-003   1.4665057714256800E-003
   1.4675863324318701E-003   1.4681925008011964E-003
   1.4692730618073868E-003   1.4698792301767131E-003
   1.4709597911829032E-003   1.4715659595522295E-003
   1.4726465205584199E-003   1.4732526889277462E-003
   1.4743332499339364E-003   1.4749394183032627E-003
   1.4760199793094530E-003   1.4766261476787793E-003
   1.4777067086849695E-003   1.4783128770542958E-003
   1.4793934380604862E-003   1.4799996064298125E-003
   1.4810801674360026E-003   1.4816863358053289E-003
   1.4827668968115193E-003   1.4833730651808456E-003
   1.4844536261870358E-003   1.4850597945563621E-003
   1.4861403555625524E-003   1.4867465239318787E-003
   1.4878270849380689E-003   1.4884332533073952E-003
   1.4895138143135856E-003   1.4901199826829116E-003
   1.4912005436891020E-003   1.4918067120584283E-003
   1.4928872730646187E-003   1.4934934414339448E-003
   1.4945740024401351E-003   1.4951801708094614E-003
   1.4962607318156518E-003   1.4968669001849779E-003
   1.4979474611911683E-003   1.4985536295604946E-003
   1.4996341905666850E-003   1.5002403589360110E-003
   1.5013209199422014E-003   1.5019270883115277E-003
   1.5030076493177179E-003   1.5036138176870442E-003
   1.5046943786932345E-003   1.5053005470625608E-003
   1.5063811080687510E-003   1.5069872764380773E-003
   1.5080678374442677E-003   1.5086740058135940E-003
   1.5097545668197841E-003   1.5103607351891104E-003
   1.5114412961953008E-003   1.5120474645646271E-003
   1.5131280255708173E-003   1.5137341939401435E-003
   1.5148147549463339E-003   1.5154209233156602E-003
   1.5165014843218504E-003   1.5171076526911767E-003
   1.5181882136973671E-003   1.5187943820666933E-003
   1.5198749430728835E-003   1.5204811114422098E-003
   1.5215616724484002E-003   1.5221678408177265E-003
   1.5232484018239166E-003   1.5238545701932429E-003
   1.5249351311994333E-003   1.5255412995687596E-003
   1.5266218605749498E-003   1.5272280289442761E-003
   1.5283085899504664E-003   1.5289147583197927E-003
   1.5299953193259829E-003   1.5306014876953092E-003
   1.5316820487014996E-003   1.5322882170708259E-003
   1.5333687780770160E-003   1.5339749464463423E-003
   1.5350555074525327E-003   1.5356616758218590E-003
   1.5367422368280492E-003   1.5373484051973754E-003
   1.5384289662035658E-003   1.5390351345728919E-003
   1.5401156955790823E-003   1.5407218639484086E-003
   1.5418024249545990E-003   1.5424085933239250E-003
   1.5434891543301154E-003   1.5440953226994417E-003
   1.5451758837056321E-003   1.5457820520749582E-003
   1.5468626130811485E-003   1.5474687814504748E-003
   1.5485493424566652E-003   1.5491555108259913E-003
   1.5502360718321817E-003   1.5508422402015080E-003
   1.5519228012076981E-003   1.5525289695770244E-003
   1.5536095305832148E-003   1.5542156989525411E-003
   1.5552962599587313E-003   1.5559024283280576E-003
   1.5569829893342479E-003   1.5575891577035742E-003
   1.5586697187097644E-003   1.5592758870790907E-003
   1.5603564480852811E-003   1.5609626164546074E-003
   1.5620431774607975E-003   1.5626493458301238E-003
   1.5637299068363142E-003   1.5643360752056405E-003
   1.5654166362118306E-003   1.5660228045811569E-003
   1.5671033655873473E-003   1.5677095339566736E-003
   1.5687900949628638E-003   1.5693962633321901E-003
   1.5704768243383804E-003   1.5710829927077067E-003
   1.5721635537138969E-003   1.5727697220832232E-003
   1.5738502830894136E-003   1.5744564514587399E-003
   1.5755370124649300E-003   1.5761431808342563E-003
   1.5772237418404467E-003   1.5778299102097730E-003
   1.5789104712159632E-003   1.5795166395852895E-003
   1.5805972005914798E-003   1.5812033689608061E-003
   1.5822839299669963E-003   1.5828900983363226E-003
   1.5839706593425130E-003   1.5845768277118393E-003
   1.5856573887180294E-003   1.5862635570873557E-003
   1.5873441180935461E-003   1.5879502864628722E-003
   1.5890308474690625E-003   1.5896370158383888E-003
   1.5907175768445792E-003   1.5913237452139053E-003
   1.5924043062200957E-003   1.5930104745894220E-003
   1.5940910355956123E-003   1.5946972039649384E-003
   1.5957777649711288E-003   1.5963839333404551E-003
   1.5974644943466455E-003   1.5980706627159716E-003
   1.5991512237221619E-003   1.5997573920914882E-003
   1.6008379530976784E-003   1.6014441214670047E-003
   1.6025246824731951E-003   1.6031308508425214E-003
   1.6042114118487115E-003   1.6048175802180378E-003
   1.6058981412242282E-003   1.6065043095935545E-003
   1.6075848705997446E-003   1.6081910389690709E-003
   1.6092715999752613E-003   1.6098777683445876E-003
   1.6109583293507778E-003   1.6115644977201041E-003
   1.6126450587262945E-003   1.6132512270956207E-003
   1.6143317881018109E-003   1.6149379564711372E-003
   1.6160185174773276E-003   1.6166246858466539E-003
   1.6177052468528440E-003   1.6183114152221703E-003
   1.6193919762283607E-003   1.6199981445976870E-003
   1.6210787056038772E-003   1.6216848739732035E-003
   1.6227654349793938E-003   1.6233716033487201E-003
   1.6244521643549103E-003   1.6250583327242366E-003
   1.6261388937304270E-003   1.6267450620997533E-003
   1.6278256231059434E-003   1.6284317914752697E-003
   1.6295123524814601E-003   1.6301185208507864E-003
   1.6311990818569766E-003   1.6318052502263028E-003
   1.6328858112324932E-003   1.6334919796018195E-003
   1.6345725406080097E-003   1.6351787089773360E-003
   1.6362592699835264E-003   1.6368654383528526E-003
   1.6379459993590428E-003   1.6385521677283691E-003
   1.6396327287345595E-003   1.6402388971038856E-003
   1.6413194581100759E-003   1.6419256264794022E-003
   1.6430061874855926E-003   1.6436123558549187E-003
   1.6446929168611091E-003   1.6452990852304354E-003
   1.6463796462366257E-003   1.6469858146059518E-003
   1.6480663756121422E-003   1.6486725439814685E-003
   1.6497531049876589E-003   1.6503592733569849E-003
   1.6514398343631753E-003   1.6520460027325016E-003
   1.6531265637386918E-003   1.6537327321080181E-003
   1.6548132931142085E-003   1.6554194614835348E-003
   1.6565000224897249E-003   1.6571061908590512E-003
   1.6581867518652416E-003   1.6587929202345679E-003
   1.6598734812407580E-003   1.6604796496100843E-003
   1.6615602106162747E-003   1.6621663789856010E-003
   1.6632469399917912E-003   1.6638531083611175E-003
   1.6649336693673078E-003   1.6655398377366341E-003
   1.6666203987428243E-003   1.6672265671121506E-003
   1.6683071281183410E-003   1.6689132964876673E-003
   1.6699938574938574E-003   1.6706000258631837E-003
   1.6716805868693741E-003   1.6722867552387004E-003
   1.6733673162448906E-003   1.6739734846142169E-003
   1.6750540456204072E-003   1.6756602139897335E-003
   1.6767407749959237E-003   1.6773469433652500E-003
   1.6784275043714404E-003   1.6790336727407667E-003
   1.6801142337469568E-003   1.6807204021162831E-003
   1.6818009631224735E-003   1.6824071314917998E-003
   1.6834876924979899E-003   1.6840938608673162E-003
   1.6851744218735066E-003   1.6857805902428329E-003
   1.6868611512490231E-003   1.6874673196183494E-003
   1.6885478806245397E-003   1.6891540489938658E-003
   1.6902346100000562E-003   1.6908407783693825E-003
   1.6919213393755729E-003   1.6925275077448990E-003
   1.6936080687510893E-003   1.6942142371204156E-003
   1.6952947981266060E-003   1.6959009664959321E-003
   1.6969815275021225E-003   1.6975876958714488E-003
   1.6986682568776391E-003   1.6992744252469652E-003
   1.7003549862531556E-003   1.7009611546224819E-003
   1.7020417156286720E-003   1.7026478839979983E-003
   1.7037284450041887E-003   1.7043346133735150E-003
   1.7054151743797052E-003   1.7060213427490315E-003
   1.7071019037552218E-003   1.7077080721245481E-003
   1.7087886331307383E-003   1.7093948015000646E-003
   1.7104753625062550E-003   1.7110815308755813E-003
   1.7121620918817714E-003   1.7127682602510977E-003
   1.7138488212572881E-003   1.7144549896266144E-003
   1.7155355506328046E-003   1.7161417190021309E-003
   1.7172222800083212E-003   1.7178284483776475E-003
   1.7189090093838377E-003   1.7195151777531640E-003
   1.7205957387593544E-003   1.7212019071286807E-003
   1.7222824681348708E-003   1.7228886365041971E-003
   1.7239691975103875E-003   1.7245753658797138E-003
   1.7256559268859040E-003   1.7262620952552302E-003
   1.7273426562614206E-003   1.7279488246307469E-003
   1.7290293856369371E-003   1.7296355540062634E-003
   1.7307161150124538E-003   1.7313222833817800E-003
   1.7324028443879702E-003   1.7330090127572965E-003
   1.7340895737634869E-003   1.7346957421328132E-003
   1.7357763031390033E-003   1.7363824715083296E-003
   1.7374630325145200E-003   1.7380692008838461E-003
   1.7391497618900365E-003   1.7397559302593628E-003
   1.7408364912655531E-003   1.7414426596348792E-003
   1.7425232206410696E-003   1.7431293890103959E-003
   1.7442099500165863E-003   1.7448161183859123E-003
