   5.3313825839569542E-004   5.3374442676502171E-004
   5.3482498777121198E-004   5.3543115614053827E-004
   5.3651171714672854E-004   5.3711788551605484E-004
   5.3819844652224511E-004   5.3880461489157140E-004
   5.3988517589776167E-004   5.4049134426708797E-004
   5.4157190527327824E-004   5.4217807364260453E-004
   5.4325863464879480E-004   5.4386480301812110E-004
   5.4494536402431137E-004   5.4555153239363766E-004
   5.4663209339982793E-004   5.4723826176915423E-004
   5.4831882277534450E-004   5.4892499114467079E-004
   5.5000555215086106E-004   5.5061172052018735E-004
   5.5169228152637763E-004   5.5229844989570392E-004
   5.5337901090189419E-004   5.5398517927122048E-004
   5.5506574027741075E-004   5.5567190864673705E-004
   5.5675246965292732E-004   5.5735863802225361E-004
   5.5843919902844388E-004   5.5904536739777018E-004
   5.6012592840396045E-004   5.6073209677328674E-004
   5.6181265777947701E-004   5.6241882614880331E-004
   5.6349938715499358E-004   5.6410555552431987E-004
   5.6518611653051014E-004   5.6579228489983644E-004
   5.6687284590602671E-004   5.6747901427535300E-004
   5.6855957528154327E-004   5.6916574365086946E-004
   5.7024630465705984E-004   5.7085247302638602E-004
   5.7193303403257640E-004   5.7253920240190259E-004
   5.7361976340809296E-004   5.7422593177741915E-004
   5.7530649278360953E-004   5.7591266115293571E-004
   5.7699322215912609E-004   5.7759939052845228E-004
   5.7867995153464266E-004   5.7928611990396884E-004
   5.8036668091015922E-004   5.8097284927948541E-004
   5.8205341028567568E-004   5.8265957865500197E-004
   5.8374013966119224E-004   5.8434630803051854E-004
   5.8542686903670881E-004   5.8603303740603510E-004
   5.8711359841222537E-004   5.8771976678155167E-004
   5.8880032778774194E-004   5.8940649615706823E-004
   5.9048705716325850E-004   5.9109322553258480E-004
   5.9217378653877507E-004   5.9277995490810136E-004
   5.9386051591429163E-004   5.9446668428361792E-004
   5.9554724528980820E-004   5.9615341365913449E-004
   5.9723397466532476E-004   5.9784014303465105E-004
   5.9892070404084132E-004   5.9952687241016762E-004
   6.0060743341635789E-004   6.0121360178568418E-004
   6.0229416279187445E-004   6.0290033116120075E-004
   6.0398089216739102E-004   6.0458706053671731E-004
   6.0566762154290758E-004   6.0627378991223388E-004
   6.0735435091842415E-004   6.0796051928775044E-004
   6.0904108029394071E-004   6.0964724866326701E-004
   6.1072780966945728E-004   6.1133397803878357E-004
   6.1241453904497384E-004   6.1302070741430013E-004
   6.1410126842049041E-004   6.1470743678981670E-004
   6.1578799779600697E-004   6.1639416616533326E-004
   6.1747472717152353E-004   6.1808089554084983E-004
   6.1916145654704010E-004   6.1976762491636628E-004
   6.2084818592255666E-004   6.2145435429188285E-004
   6.2253491529807323E-004   6.2314108366739941E-004
   6.2422164467358979E-004   6.2482781304291598E-004
   6.2590837404910636E-004   6.2651454241843254E-004
   6.2759510342462292E-004   6.2820127179394911E-004
   6.2928183280013949E-004   6.2988800116946567E-004
   6.3096856217565605E-004   6.3157473054498224E-004
   6.3265529155117251E-004   6.3326145992049880E-004
   6.3434202092668907E-004   6.3494818929601537E-004
   6.3602875030220564E-004   6.3663491867153193E-004
   6.3771547967772220E-004   6.3832164804704849E-004
   6.3940220905323876E-004   6.4000837742256506E-004
   6.4108893842875533E-004   6.4169510679808162E-004
   6.4277566780427189E-004   6.4338183617359819E-004
   6.4446239717978846E-004   6.4506856554911475E-004
   6.4614912655530502E-004   6.4675529492463132E-004
   6.4783585593082159E-004   6.4844202430014788E-004
   6.4952258530633815E-004   6.5012875367566445E-004
   6.5120931468185472E-004   6.5181548305118101E-004
   6.5289604405737128E-004   6.5350221242669758E-004
   6.5458277343288785E-004   6.5518894180221414E-004
   6.5626950280840441E-004   6.5687567117773070E-004
   6.5795623218392098E-004   6.5856240055324727E-004
   6.5964296155943754E-004   6.6024912992876383E-004
   6.6132969093495410E-004   6.6193585930428040E-004
   6.6301642031047067E-004   6.6362258867979696E-004
   6.6470314968598723E-004   6.6530931805531353E-004
   6.6638987906150380E-004   6.6699604743083009E-004
   6.6807660843702036E-004   6.6868277680634655E-004
   6.6976333781253693E-004   6.7036950618186311E-004
   6.7145006718805349E-004   6.7205623555737968E-004
   6.7313679656357006E-004   6.7374296493289624E-004
   6.7482352593908662E-004   6.7542969430841281E-004
   6.7651025531460319E-004   6.7711642368392937E-004
   6.7819698469011975E-004   6.7880315305944594E-004
   6.7988371406563631E-004   6.8048988243496250E-004
   6.8157044344115277E-004   6.8217661181047906E-004
   6.8325717281666933E-004   6.8386334118599563E-004
   6.8494390219218590E-004   6.8555007056151219E-004
   6.8663063156770246E-004   6.8723679993702876E-004
   6.8831736094321903E-004   6.8892352931254532E-004
   6.9000409031873559E-004   6.9061025868806189E-004
   6.9169081969425216E-004   6.9229698806357845E-004
   6.9337754906976872E-004   6.9398371743909502E-004
   6.9506427844528529E-004   6.9567044681461158E-004
   6.9675100782080185E-004   6.9735717619012815E-004
   6.9843773719631842E-004   6.9904390556564471E-004
   7.0012446657183498E-004   7.0073063494116127E-004
   7.0181119594735154E-004   7.0241736431667784E-004
   7.0349792532286811E-004   7.0410409369219440E-004
   7.0518465469838467E-004   7.0579082306771097E-004
   7.0687138407390124E-004   7.0747755244322753E-004
   7.0855811344941780E-004   7.0916428181874410E-004
   7.1024484282493437E-004   7.1085101119426066E-004
   7.1193157220045093E-004   7.1253774056977723E-004
   7.1361830157596750E-004   7.1422446994529379E-004
   7.1530503095148406E-004   7.1591119932081036E-004
   7.1699176032700063E-004   7.1759792869632681E-004
   7.1867848970251719E-004   7.1928465807184338E-004
   7.2036521907803376E-004   7.2097138744735994E-004
   7.2205194845355032E-004   7.2265811682287651E-004
   7.2373867782906688E-004   7.2434484619839307E-004
   7.2542540720458345E-004   7.2603157557390963E-004
   7.2711213658010001E-004   7.2771830494942620E-004
   7.2879886595561658E-004   7.2940503432494276E-004
   7.3048559533113314E-004   7.3109176370045933E-004
   7.3217232470664960E-004   7.3277849307597589E-004
   7.3385905408216616E-004   7.3446522245149246E-004
   7.3554578345768273E-004   7.3615195182700902E-004
   7.3723251283319929E-004   7.3783868120252559E-004
   7.3891924220871586E-004   7.3952541057804215E-004
   7.4060597158423242E-004   7.4121213995355872E-004
   7.4229270095974899E-004   7.4289886932907528E-004
   7.4397943033526555E-004   7.4458559870459184E-004
   7.4566615971078211E-004   7.4627232808010841E-004
   7.4735288908629868E-004   7.4795905745562497E-004
   7.4903961846181524E-004   7.4964578683114154E-004
   7.5072634783733181E-004   7.5133251620665810E-004
   7.5241307721284837E-004   7.5301924558217467E-004
   7.5409980658836494E-004   7.5470597495769123E-004
   7.5578653596388150E-004   7.5639270433320780E-004
   7.5747326533939807E-004   7.5807943370872436E-004
   7.5915999471491463E-004   7.5976616308424093E-004
   7.6084672409043120E-004   7.6145289245975749E-004
   7.6253345346594776E-004   7.6313962183527405E-004
   7.6422018284146432E-004   7.6482635121079062E-004
   7.6590691221698089E-004   7.6651308058630718E-004
   7.6759364159249745E-004   7.6819980996182364E-004
   7.6928037096801402E-004   7.6988653933734020E-004
   7.7096710034353058E-004   7.7157326871285677E-004
   7.7265382971904715E-004   7.7325999808837333E-004
   7.7434055909456371E-004   7.7494672746388990E-004
   7.7602728847008028E-004   7.7663345683940646E-004
   7.7771401784559684E-004   7.7832018621492303E-004
   7.7940074722111341E-004   7.8000691559043959E-004
   7.8108747659662986E-004   7.8169364496595616E-004
   7.8277420597214643E-004   7.8338037434147272E-004
   7.8446093534766299E-004   7.8506710371698929E-004
   7.8614766472317956E-004   7.8675383309250585E-004
   7.8783439409869612E-004   7.8844056246802241E-004
   7.8952112347421268E-004   7.9012729184353898E-004
   7.9120785284972925E-004   7.9181402121905554E-004
   7.9289458222524581E-004   7.9350075059457211E-004
   7.9458131160076238E-004   7.9518747997008867E-004
   7.9626804097627894E-004   7.9687420934560524E-004
   7.9795477035179551E-004   7.9856093872112180E-004
   7.9964149972731207E-004   8.0024766809663837E-004
   8.0132822910282864E-004   8.0193439747215493E-004
   8.0301495847834520E-004   8.0362112684767150E-004
   8.0470168785386177E-004   8.0530785622318806E-004
   8.0638841722937833E-004   8.0699458559870462E-004
   8.0807514660489489E-004   8.0868131497422119E-004
   8.0976187598041146E-004   8.1036804434973775E-004
   8.1144860535592802E-004   8.1205477372525432E-004
   8.1313533473144459E-004   8.1374150310077088E-004
   8.1482206410696115E-004   8.1542823247628745E-004
   8.1650879348247772E-004   8.1711496185180390E-004
   8.1819552285799428E-004   8.1880169122732047E-004
   8.1988225223351085E-004   8.2048842060283703E-004
   8.2156898160902741E-004   8.2217514997835360E-004
   8.2325571098454398E-004   8.2386187935387016E-004
   8.2494244036006054E-004   8.2554860872938673E-004
   8.2662916973557710E-004   8.2723533810490329E-004
   8.2831589911109367E-004   8.2892206748041986E-004
   8.3000262848661023E-004   8.3060879685593642E-004
   8.3168935786212669E-004   8.3229552623145298E-004
   8.3337608723764325E-004   8.3398225560696955E-004
   8.3506281661315982E-004   8.3566898498248611E-004
   8.3674954598867638E-004   8.3735571435800268E-004
   8.3843627536419295E-004   8.3904244373351924E-004
   8.4012300473970951E-004   8.4072917310903581E-004
   8.4180973411522608E-004   8.4241590248455237E-004
   8.4349646349074264E-004   8.4410263186006894E-004
   8.4518319286625921E-004   8.4578936123558550E-004
   8.4686992224177577E-004   8.4747609061110207E-004
   8.4855665161729234E-004   8.4916281998661863E-004
   8.5024338099280890E-004   8.5084954936213519E-004
   8.5193011036832546E-004   8.5253627873765176E-004
   8.5361683974384203E-004   8.5422300811316832E-004
   8.5530356911935859E-004   8.5590973748868489E-004
   8.5699029849487516E-004   8.5759646686420145E-004
   8.5867702787039172E-004   8.5928319623971802E-004
   8.6036375724590829E-004   8.6096992561523458E-004
   8.6205048662142485E-004   8.6265665499075115E-004
   8.6373721599694142E-004   8.6434338436626771E-004
   8.6542394537245798E-004   8.6603011374178428E-004
   8.6711067474797455E-004   8.6771684311730073E-004
   8.6879740412349111E-004   8.6940357249281730E-004
   8.7048413349900767E-004   8.7109030186833386E-004
   8.7217086287452424E-004   8.7277703124385043E-004
   8.7385759225004080E-004   8.7446376061936699E-004
   8.7554432162555737E-004   8.7615048999488355E-004
   8.7723105100107393E-004   8.7783721937040012E-004
   8.7891778037659050E-004   8.7952394874591668E-004
   8.8060450975210695E-004   8.8121067812143325E-004
   8.8229123912762352E-004   8.8289740749694981E-004
   8.8397796850314008E-004   8.8458413687246638E-004
   8.8566469787865665E-004   8.8627086624798294E-004
   8.8735142725417321E-004   8.8795759562349951E-004
   8.8903815662968978E-004   8.8964432499901607E-004
   8.9072488600520634E-004   8.9133105437453264E-004
   8.9241161538072291E-004   8.9301778375004920E-004
   8.9409834475623947E-004   8.9470451312556576E-004
   8.9578507413175603E-004   8.9639124250108233E-004
   8.9747180350727260E-004   8.9807797187659889E-004
   8.9915853288278916E-004   8.9976470125211546E-004
   9.0084526225830573E-004   9.0145143062763202E-004
   9.0253199163382229E-004   9.0313816000314859E-004
   9.0421872100933886E-004   9.0482488937866515E-004
   9.0590545038485542E-004   9.0651161875418172E-004
   9.0759217976037199E-004   9.0819834812969828E-004
   9.0927890913588855E-004   9.0988507750521485E-004
   9.1096563851140512E-004   9.1157180688073141E-004
   9.1265236788692168E-004   9.1325853625624797E-004
   9.1433909726243824E-004   9.1494526563176454E-004
   9.1602582663795481E-004   9.1663199500728100E-004
   9.1771255601347137E-004   9.1831872438279756E-004
   9.1939928538898794E-004   9.2000545375831412E-004
   9.2108601476450450E-004   9.2169218313383069E-004
   9.2277274414002107E-004   9.2337891250934725E-004
   9.2445947351553763E-004   9.2506564188486382E-004
   9.2614620289105420E-004   9.2675237126038038E-004
   9.2783293226657076E-004   9.2843910063589695E-004
   9.2951966164208722E-004   9.3012583001141351E-004
   9.3120639101760378E-004   9.3181255938693008E-004
   9.3289312039312035E-004   9.3349928876244664E-004
   9.3457984976863691E-004   9.3518601813796321E-004
   9.3626657914415348E-004   9.3687274751347977E-004
   9.3795330851967004E-004   9.3855947688899633E-004
   9.3964003789518660E-004   9.4024620626451290E-004
   9.4132676727070317E-004   9.4193293564002946E-004
   9.4301349664621973E-004   9.4361966501554603E-004
   9.4470022602173630E-004   9.4530639439106259E-004
   9.4638695539725286E-004   9.4699312376657916E-004
   9.4807368477276943E-004   9.4867985314209572E-004
   9.4976041414828599E-004   9.5036658251761229E-004
   9.5144714352380256E-004   9.5205331189312885E-004
   9.5313387289931912E-004   9.5374004126864542E-004
   9.5482060227483569E-004   9.5542677064416198E-004
   9.5650733165035225E-004   9.5711350001967854E-004
   9.5819406102586881E-004   9.5880022939519511E-004
   9.5988079040138538E-004   9.6048695877071167E-004
   9.6156751977690194E-004   9.6217368814622824E-004
   9.6325424915241851E-004   9.6386041752174480E-004
   9.6494097852793507E-004   9.6554714689726137E-004
   9.6662770790345164E-004   9.6723387627277782E-004
   9.6831443727896820E-004   9.6892060564829439E-004
   9.7000116665448477E-004   9.7060733502381095E-004
   9.7168789603000133E-004   9.7229406439932752E-004
   9.7337462540551790E-004   9.7398079377484408E-004
   9.7506135478103446E-004   9.7566752315036065E-004
   9.7674808415655102E-004   9.7735425252587732E-004
   9.7843481353206748E-004   9.7904098190139377E-004
   9.8012154290758415E-004   9.8072771127691045E-004
   9.8180827228310061E-004   9.8241444065242690E-004
   9.8349500165861728E-004   9.8410117002794358E-004
   9.8518173103413374E-004   9.8578789940346003E-004
   9.8686846040965041E-004   9.8747462877897671E-004
   9.8855518978516687E-004   9.8916135815449316E-004
   9.9024191916068354E-004   9.9084808753000962E-004
   9.9192864853620000E-004   9.9253481690552629E-004
   9.9361537791171667E-004   9.9422154628104275E-004
   9.9530210728723313E-004   9.9590827565655942E-004
   9.9698883666274980E-004   9.9759500503207588E-004
   9.9867556603826626E-004   9.9928173440759255E-004
   1.0003622954137829E-003   1.0009684637831090E-003
   1.0020490247892994E-003   1.0026551931586257E-003
   1.0037357541648161E-003   1.0043419225341421E-003
   1.0054224835403325E-003   1.0060286519096588E-003
   1.0071092129158490E-003   1.0077153812851753E-003
   1.0087959422913656E-003   1.0094021106606919E-003
   1.0104826716668821E-003   1.0110888400362084E-003
   1.0121694010423988E-003   1.0127755694117251E-003
   1.0138561304179152E-003   1.0144622987872415E-003
   1.0155428597934319E-003   1.0161490281627582E-003
   1.0172295891689484E-003   1.0178357575382747E-003
   1.0189163185444650E-003   1.0195224869137913E-003
   1.0206030479199815E-003   1.0212092162893078E-003
   1.0222897772954982E-003   1.0228959456648245E-003
   1.0239765066710146E-003   1.0245826750403409E-003
   1.0256632360465313E-003   1.0262694044158576E-003
   1.0273499654220477E-003   1.0279561337913740E-003
   1.0290366947975644E-003   1.0296428631668907E-003
   1.0307234241730809E-003   1.0313295925424072E-003
   1.0324101535485975E-003   1.0330163219179238E-003
   1.0340968829241140E-003   1.0347030512934403E-003
   1.0357836122996307E-003   1.0363897806689570E-003
   1.0374703416751471E-003   1.0380765100444734E-003
   1.0391570710506638E-003   1.0397632394199901E-003
   1.0408438004261803E-003   1.0414499687955066E-003
   1.0425305298016969E-003   1.0431366981710230E-003
   1.0442172591772134E-003   1.0448234275465397E-003
   1.0459039885527301E-003   1.0465101569220561E-003
   1.0475907179282465E-003   1.0481968862975728E-003
   1.0492774473037632E-003   1.0498836156730893E-003
   1.0509641766792796E-003   1.0515703450486059E-003
   1.0526509060547963E-003   1.0532570744241224E-003
   1.0543376354303128E-003   1.0549438037996391E-003
   1.0560243648058292E-003   1.0566305331751555E-003
   1.0577110941813459E-003   1.0583172625506722E-003
   1.0593978235568624E-003   1.0600039919261887E-003
   1.0610845529323790E-003   1.0616907213017053E-003
   1.0627712823078955E-003   1.0633774506772218E-003
   1.0644580116834122E-003   1.0650641800527385E-003
   1.0661447410589286E-003   1.0667509094282549E-003
   1.0678314704344453E-003   1.0684376388037716E-003
   1.0695181998099617E-003   1.0701243681792880E-003
   1.0712049291854784E-003   1.0718110975548047E-003
   1.0728916585609949E-003   1.0734978269303212E-003
   1.0745783879365116E-003   1.0751845563058378E-003
   1.0762651173120280E-003   1.0768712856813543E-003
   1.0779518466875447E-003   1.0785580150568710E-003
   1.0796385760630611E-003   1.0802447444323874E-003
   1.0813253054385778E-003   1.0819314738079041E-003
   1.0830120348140943E-003   1.0836182031834206E-003
   1.0846987641896109E-003   1.0853049325589372E-003
   1.0863854935651274E-003   1.0869916619344537E-003
   1.0880722229406441E-003   1.0886783913099704E-003
   1.0897589523161605E-003   1.0903651206854868E-003
   1.0914456816916772E-003   1.0920518500610033E-003
   1.0931324110671937E-003   1.0937385794365199E-003
   1.0948191404427103E-003   1.0954253088120364E-003
   1.0965058698182268E-003   1.0971120381875531E-003
   1.0981925991937435E-003   1.0987987675630695E-003
   1.0998793285692599E-003   1.1004854969385862E-003
   1.1015660579447766E-003   1.1021722263141027E-003
   1.1032527873202930E-003   1.1038589556896193E-003
   1.1049395166958095E-003   1.1055456850651358E-003
   1.1066262460713262E-003   1.1072324144406525E-003
   1.1083129754468426E-003   1.1089191438161689E-003
   1.1099997048223593E-003   1.1106058731916856E-003
   1.1116864341978758E-003   1.1122926025672020E-003
   1.1133731635733924E-003   1.1139793319427187E-003
   1.1150598929489089E-003   1.1156660613182352E-003
   1.1167466223244256E-003   1.1173527906937519E-003
   1.1184333516999420E-003   1.1190395200692683E-003
   1.1201200810754587E-003   1.1207262494447850E-003
   1.1218068104509751E-003   1.1224129788203014E-003
   1.1234935398264918E-003   1.1240997081958181E-003
   1.1251802692020083E-003   1.1257864375713346E-003
   1.1268669985775249E-003   1.1274731669468512E-003
   1.1285537279530414E-003   1.1291598963223677E-003
   1.1302404573285581E-003   1.1308466256978844E-003
   1.1319271867040745E-003   1.1325333550734008E-003
   1.1336139160795912E-003   1.1342200844489175E-003
   1.1353006454551077E-003   1.1359068138244340E-003
   1.1369873748306243E-003   1.1375935431999506E-003
   1.1386741042061408E-003   1.1392802725754671E-003
   1.1403608335816575E-003   1.1409670019509835E-003
   1.1420475629571739E-003   1.1426537313265002E-003
   1.1437342923326906E-003   1.1443404607020167E-003
   1.1454210217082070E-003   1.1460271900775333E-003
   1.1471077510837237E-003   1.1477139194530498E-003
   1.1487944804592402E-003   1.1494006488285665E-003
   1.1504812098347568E-003   1.1510873782040829E-003
   1.1521679392102733E-003   1.1527741075795996E-003
   1.1538546685857898E-003   1.1544608369551161E-003
   1.1555413979613064E-003   1.1561475663306327E-003
   1.1572281273368229E-003   1.1578342957061492E-003
   1.1589148567123396E-003   1.1595210250816659E-003
   1.1606015860878560E-003   1.1612077544571823E-003
   1.1622883154633727E-003   1.1628944838326990E-003
   1.1639750448388891E-003   1.1645812132082154E-003
   1.1656617742144058E-003   1.1662679425837321E-003
   1.1673485035899223E-003   1.1679546719592486E-003
   1.1690352329654389E-003   1.1696414013347652E-003
   1.1707219623409554E-003   1.1713281307102817E-003
   1.1724086917164721E-003   1.1730148600857984E-003
   1.1740954210919885E-003   1.1747015894613148E-003
   1.1757821504675052E-003   1.1763883188368315E-003
   1.1774688798430217E-003   1.1780750482123480E-003
   1.1791556092185383E-003   1.1797617775878646E-003
   1.1808423385940548E-003   1.1814485069633811E-003
   1.1825290679695715E-003   1.1831352363388978E-003
   1.1842157973450879E-003   1.1848219657144142E-003
   1.1859025267206046E-003   1.1865086950899309E-003
   1.1875892560961211E-003   1.1881954244654473E-003
   1.1892759854716377E-003   1.1898821538409638E-003
   1.1909627148471542E-003   1.1915688832164805E-003
   1.1926494442226709E-003   1.1932556125919969E-003
   1.1943361735981873E-003   1.1949423419675136E-003
   1.1960229029737040E-003   1.1966290713430301E-003
   1.1977096323492204E-003   1.1983158007185467E-003
   1.1993963617247371E-003   1.2000025300940632E-003
   1.2010830911002536E-003   1.2016892594695799E-003
   1.2027698204757702E-003   1.2033759888450963E-003
   1.2044565498512867E-003   1.2050627182206130E-003
   1.2061432792268032E-003   1.2067494475961294E-003
   1.2078300086023198E-003   1.2084361769716461E-003
   1.2095167379778363E-003   1.2101229063471626E-003
   1.2112034673533530E-003   1.2118096357226792E-003
   1.2128901967288694E-003   1.2134963650981957E-003
   1.2145769261043861E-003   1.2151830944737124E-003
   1.2162636554799025E-003   1.2168698238492288E-003
   1.2179503848554192E-003   1.2185565532247455E-003
   1.2196371142309357E-003   1.2202432826002620E-003
   1.2213238436064523E-003   1.2219300119757786E-003
   1.2230105729819688E-003   1.2236167413512951E-003
   1.2246973023574855E-003   1.2253034707268118E-003
   1.2263840317330019E-003   1.2269902001023282E-003
   1.2280707611085186E-003   1.2286769294778449E-003
   1.2297574904840351E-003   1.2303636588533614E-003
   1.2314442198595517E-003   1.2320503882288780E-003
   1.2331309492350682E-003   1.2337371176043945E-003
   1.2348176786105849E-003   1.2354238469799112E-003
   1.2365044079861013E-003   1.2371105763554276E-003
   1.2381911373616180E-003   1.2387973057309443E-003
   1.2398778667371344E-003   1.2404840351064607E-003
   1.2415645961126511E-003   1.2421707644819772E-003
   1.2432513254881676E-003   1.2438574938574939E-003
   1.2449380548636842E-003   1.2455442232330103E-003
   1.2466247842392007E-003   1.2472309526085270E-003
   1.2483115136147174E-003   1.2489176819840435E-003
   1.2499982429902338E-003   1.2506044113595601E-003
   1.2516849723657505E-003   1.2522911407350766E-003
   1.2533717017412670E-003   1.2539778701105933E-003
   1.2550584311167834E-003   1.2556645994861097E-003
   1.2567451604923001E-003   1.2573513288616264E-003
   1.2584318898678165E-003   1.2590380582371428E-003
   1.2601186192433332E-003   1.2607247876126595E-003
   1.2618053486188497E-003   1.2624115169881760E-003
   1.2634920779943663E-003   1.2640982463636926E-003
   1.2651788073698828E-003   1.2657849757392091E-003
   1.2668655367453995E-003   1.2674717051147258E-003
   1.2685522661209159E-003   1.2691584344902422E-003
   1.2702389954964326E-003   1.2708451638657589E-003
   1.2719257248719491E-003   1.2725318932412754E-003
   1.2736124542474657E-003   1.2742186226167920E-003
   1.2752991836229822E-003   1.2759053519923085E-003
   1.2769859129984989E-003   1.2775920813678252E-003
   1.2786726423740153E-003   1.2792788107433416E-003
   1.2803593717495320E-003   1.2809655401188583E-003
   1.2820461011250484E-003   1.2826522694943747E-003
   1.2837328305005651E-003   1.2843389988698914E-003
   1.2854195598760816E-003   1.2860257282454079E-003
   1.2871062892515983E-003   1.2877124576209245E-003
   1.2887930186271147E-003   1.2893991869964410E-003
   1.2904797480026314E-003   1.2910859163719575E-003
   1.2921664773781478E-003   1.2927726457474741E-003
   1.2938532067536645E-003   1.2944593751229906E-003
   1.2955399361291810E-003   1.2961461044985073E-003
   1.2972266655046976E-003   1.2978328338740237E-003
   1.2989133948802141E-003   1.2995195632495404E-003
   1.3006001242557308E-003   1.3012062926250568E-003
   1.3022868536312472E-003   1.3028930220005735E-003
   1.3039735830067637E-003   1.3045797513760900E-003
   1.3056603123822804E-003   1.3062664807516066E-003
   1.3073470417577968E-003   1.3079532101271231E-003
   1.3090337711333135E-003   1.3096399395026398E-003
   1.3107205005088299E-003   1.3113266688781562E-003
   1.3124072298843466E-003   1.3130133982536729E-003
   1.3140939592598631E-003   1.3147001276291894E-003
   1.3157806886353797E-003   1.3163868570047060E-003
   1.3174674180108962E-003   1.3180735863802225E-003
   1.3191541473864129E-003   1.3197603157557392E-003
   1.3208408767619293E-003   1.3214470451312556E-003
   1.3225276061374460E-003   1.3231337745067723E-003
   1.3242143355129625E-003   1.3248205038822887E-003
   1.3259010648884791E-003   1.3265072332578054E-003
   1.3275877942639956E-003   1.3281939626333219E-003
   1.3292745236395123E-003   1.3298806920088386E-003
   1.3309612530150287E-003   1.3315674213843550E-003
   1.3326479823905454E-003   1.3332541507598717E-003
   1.3343347117660618E-003   1.3349408801353881E-003
   1.3360214411415785E-003   1.3366276095109048E-003
   1.3377081705170950E-003   1.3383143388864213E-003
   1.3393948998926116E-003   1.3400010682619377E-003
   1.3410816292681281E-003   1.3416877976374544E-003
   1.3427683586436448E-003   1.3433745270129709E-003
   1.3444550880191612E-003   1.3450612563884875E-003
   1.3461418173946779E-003   1.3467479857640040E-003
   1.3478285467701944E-003   1.3484347151395207E-003
   1.3495152761457110E-003   1.3501214445150371E-003
   1.3512020055212275E-003   1.3518081738905538E-003
   1.3528887348967439E-003   1.3534949032660702E-003
   1.3545754642722606E-003   1.3551816326415869E-003
   1.3562621936477771E-003   1.3568683620171034E-003
   1.3579489230232937E-003   1.3585550913926200E-003
   1.3596356523988102E-003   1.3602418207681365E-003
   1.3613223817743269E-003   1.3619285501436532E-003
   1.3630091111498433E-003   1.3636152795191696E-003
   1.3646958405253600E-003   1.3653020088946863E-003
   1.3663825699008765E-003   1.3669887382702028E-003
   1.3680692992763931E-003   1.3686754676457194E-003
   1.3697560286519096E-003   1.3703621970212359E-003
   1.3714427580274263E-003   1.3720489263967526E-003
   1.3731294874029427E-003   1.3737356557722690E-003
   1.3748162167784594E-003   1.3754223851477857E-003
   1.3765029461539758E-003   1.3771091145233021E-003
   1.3781896755294925E-003   1.3787958438988188E-003
   1.3798764049050090E-003   1.3804825732743353E-003
   1.3815631342805256E-003   1.3821693026498519E-003
   1.3832498636560421E-003   1.3838560320253684E-003
   1.3849365930315588E-003   1.3855427614008851E-003
   1.3866233224070752E-003   1.3872294907764015E-003
   1.3883100517825919E-003   1.3889162201519180E-003
   1.3899967811581084E-003   1.3906029495274347E-003
   1.3916835105336250E-003   1.3922896789029511E-003
   1.3933702399091415E-003   1.3939764082784678E-003
   1.3950569692846582E-003   1.3956631376539842E-003
   1.3967436986601746E-003   1.3973498670295009E-003
   1.3984304280356913E-003   1.3990365964050174E-003
   1.4001171574112078E-003   1.4007233257805340E-003
   1.4018038867867242E-003   1.4024100551560505E-003
   1.4034906161622409E-003   1.4040967845315672E-003
   1.4051773455377573E-003   1.4057835139070836E-003
   1.4068640749132740E-003   1.4074702432826003E-003
   1.4085508042887905E-003   1.4091569726581168E-003
   1.4102375336643071E-003   1.4108437020336334E-003
   1.4119242630398236E-003   1.4125304314091499E-003
   1.4136109924153403E-003   1.4142171607846666E-003
   1.4152977217908567E-003   1.4159038901601830E-003
   1.4169844511663734E-003   1.4175906195356997E-003
   1.4186711805418899E-003   1.4192773489112161E-003
   1.4203579099174065E-003   1.4209640782867328E-003
   1.4220446392929230E-003   1.4226508076622493E-003
   1.4237313686684397E-003   1.4243375370377659E-003
   1.4254180980439561E-003   1.4260242664132824E-003
   1.4271048274194728E-003   1.4277109957887991E-003
   1.4287915567949892E-003   1.4293977251643155E-003
   1.4304782861705059E-003   1.4310844545398322E-003
   1.4321650155460224E-003   1.4327711839153487E-003
   1.4338517449215390E-003   1.4344579132908653E-003
   1.4355384742970555E-003   1.4361446426663818E-003
   1.4372252036725722E-003   1.4378313720418985E-003
   1.4389119330480886E-003   1.4395181014174149E-003
   1.4405986624236053E-003   1.4412048307929314E-003
   1.4422853917991218E-003   1.4428915601684481E-003
   1.4439721211746384E-003   1.4445782895439645E-003
   1.4456588505501549E-003   1.4462650189194812E-003
   1.4473455799256716E-003   1.4479517482949976E-003
   1.4490323093011880E-003   1.4496384776705143E-003
   1.4507190386767047E-003   1.4513252070460308E-003
   1.4524057680522211E-003   1.4530119364215474E-003
   1.4540924974277376E-003   1.4546986657970639E-003
   1.4557792268032543E-003   1.4563853951725806E-003
   1.4574659561787707E-003   1.4580721245480970E-003
   1.4591526855542874E-003   1.4597588539236137E-003
   1.4608394149298039E-003   1.4614455832991302E-003
   1.4625261443053205E-003   1.4631323126746468E-003
   1.4642128736808370E-003   1.4648190420501633E-003
   1.4658996030563537E-003   1.4665057714256800E-003
   1.4675863324318701E-003   1.4681925008011964E-003
   1.4692730618073868E-003   1.4698792301767131E-003
   1.4709597911829032E-003   1.4715659595522295E-003
   1.4726465205584199E-003   1.4732526889277462E-003
   1.4743332499339364E-003   1.4749394183032627E-003
   1.4760199793094530E-003   1.4766261476787793E-003
   1.4777067086849695E-003   1.4783128770542958E-003
   1.4793934380604862E-003   1.4799996064298125E-003
   1.4810801674360026E-003   1.4816863358053289E-003
   1.4827668968115193E-003   1.4833730651808456E-003
   1.4844536261870358E-003   1.4850597945563621E-003
   1.4861403555625524E-003   1.4867465239318787E-003
   1.4878270849380689E-003   1.4884332533073952E-003
   1.4895138143135856E-003   1.4901199826829116E-003
   1.4912005436891020E-003   1.4918067120584283E-003
   1.4928872730646187E-003   1.4934934414339448E-003
   1.4945740024401351E-003   1.4951801708094614E-003
   1.4962607318156518E-003   1.4968669001849779E-003
   1.4979474611911683E-003   1.4985536295604946E-003
   1.4996341905666850E-003   1.5002403589360110E-003
   1.5013209199422014E-003   1.5019270883115277E-003
   1.5030076493177179E-003   1.5036138176870442E-003
   1.5046943786932345E-003   1.5053005470625608E-003
   1.5063811080687510E-003   1.5069872764380773E-003
   1.5080678374442677E-003   1.5086740058135940E-003
   1.5097545668197841E-003   1.5103607351891104E-003
   1.5114412961953008E-003   1.5120474645646271E-003
   1.5131280255708173E-003   1.5137341939401435E-003
   1.5148147549463339E-003   1.5154209233156602E-003
   1.5165014843218504E-003   1.5171076526911767E-003
   1.5181882136973671E-003   1.5187943820666933E-003
   1.5198749430728835E-003   1.5204811114422098E-003
   1.5215616724484002E-003   1.5221678408177265E-003
   1.5232484018239166E-003   1.5238545701932429E-003
   1.5249351311994333E-003   1.5255412995687596E-003
   1.5266218605749498E-003   1.5272280289442761E-003
   1.5283085899504664E-003   1.5289147583197927E-003
   1.5299953193259829E-003   1.5306014876953092E-003
   1.5316820487014996E-003   1.5322882170708259E-003
   1.5333687780770160E-003   1.5339749464463423E-003
   1.5350555074525327E-003   1.5356616758218590E-003
   1.5367422368280492E-003   1.5373484051973754E-003
   1.5384289662035658E-003   1.5390351345728919E-003
   1.5401156955790823E-003   1.5407218639484086E-003
   1.5418024249545990E-003   1.5424085933239250E-003
   1.5434891543301154E-003   1.5440953226994417E-003
   1.5451758837056321E-003   1.5457820520749582E-003
   1.5468626130811485E-003   1.5474687814504748E-003
   1.5485493424566652E-003   1.5491555108259913E-003
   1.5502360718321817E-003   1.5508422402015080E-003
   1.5519228012076981E-003   1.5525289695770244E-003
   1.5536095305832148E-003   1.5542156989525411E-003
   1.5552962599587313E-003   1.5559024283280576E-003
   1.5569829893342479E-003   1.5575891577035742E-003
   1.5586697187097644E-003   1.5592758870790907E-003
   1.5603564480852811E-003   1.5609626164546074E-003
   1.5620431774607975E-003   1.5626493458301238E-003
   1.5637299068363142E-003   1.5643360752056405E-003
   1.5654166362118306E-003   1.5660228045811569E-003
   1.5671033655873473E-003   1.5677095339566736E-003
   1.5687900949628638E-003   1.5693962633321901E-003
   1.5704768243383804E-003   1.5710829927077067E-003
   1.5721635537138969E-003   1.5727697220832232E-003
   1.5738502830894136E-003   1.5744564514587399E-003
   1.5755370124649300E-003   1.5761431808342563E-003
   1.5772237418404467E-003   1.5778299102097730E-003
   1.5789104712159632E-003   1.5795166395852895E-003
   1.5805972005914798E-003   1.5812033689608061E-003
   1.5822839299669963E-003   1.5828900983363226E-003
   1.5839706593425130E-003   1.5845768277118393E-003
   1.5856573887180294E-003   1.5862635570873557E-003
   1.5873441180935461E-003   1.5879502864628722E-003
   1.5890308474690625E-003   1.5896370158383888E-003
   1.5907175768445792E-003   1.5913237452139053E-003
   1.5924043062200957E-003   1.5930104745894220E-003
   1.5940910355956123E-003   1.5946972039649384E-003
   1.5957777649711288E-003   1.5963839333404551E-003
   1.5974644943466455E-003   1.5980706627159716E-003
   1.5991512237221619E-003   1.5997573920914882E-003
   1.6008379530976784E-003   1.6014441214670047E-003
   1.6025246824731951E-003   1.6031308508425214E-003
   1.6042114118487115E-003   1.6048175802180378E-003
   1.6058981412242282E-003   1.6065043095935545E-003
   1.6075848705997446E-003   1.6081910389690709E-003
   1.6092715999752613E-003   1.6098777683445876E-003
   1.6109583293507778E-003   1.6115644977201041E-003
   1.6126450587262945E-003   1.6132512270956207E-003
   1.6143317881018109E-003   1.6149379564711372E-003
   1.6160185174773276E-003   1.6166246858466539E-003
   1.6177052468528440E-003   1.6183114152221703E-003
   1.6193919762283607E-003   1.6199981445976870E-003
   1.6210787056038772E-003   1.6216848739732035E-003
   1.6227654349793938E-003   1.6233716033487201E-003
   1.6244521643549103E-003   1.6250583327242366E-003
   1.6261388937304270E-003   1.6267450620997533E-003
   1.6278256231059434E-003   1.6284317914752697E-003
   1.6295123524814601E-003   1.6301185208507864E-003
   1.6311990818569766E-003   1.6318052502263028E-003
   1.6328858112324932E-003   1.6334919796018195E-003
   1.6345725406080097E-003   1.6351787089773360E-003
   1.6362592699835264E-003   1.6368654383528526E-003
   1.6379459993590428E-003   1.6385521677283691E-003
   1.6396327287345595E-003   1.6402388971038856E-003
   1.6413194581100759E-003   1.6419256264794022E-003
   1.6430061874855926E-003   1.6436123558549187E-003
   1.6446929168611091E-003   1.6452990852304354E-003
   1.6463796462366257E-003   1.6469858146059518E-003
   1.6480663756121422E-003   1.6486725439814685E-003
   1.6497531049876589E-003   1.6503592733569849E-003
   1.6514398343631753E-003   1.6520460027325016E-003
   1.6531265637386918E-003   1.6537327321080181E-003
   1.6548132931142085E-003   1.6554194614835348E-003
   1.6565000224897249E-003   1.6571061908590512E-003
   1.6581867518652416E-003   1.6587929202345679E-003
   1.6598734812407580E-003   1.6604796496100843E-003
   1.6615602106162747E-003   1.6621663789856010E-003
   1.6632469399917912E-003   1.6638531083611175E-003
   1.6649336693673078E-003   1.6655398377366341E-003
   1.6666203987428243E-003   1.6672265671121506E-003
   1.6683071281183410E-003   1.6689132964876673E-003
   1.6699938574938574E-003   1.6706000258631837E-003
   1.6716805868693741E-003   1.6722867552387004E-003
   1.6733673162448906E-003   1.6739734846142169E-003
   1.6750540456204072E-003   1.6756602139897335E-003
   1.6767407749959237E-003   1.6773469433652500E-003
   1.6784275043714404E-003   1.6790336727407667E-003
   1.6801142337469568E-003   1.6807204021162831E-003
   1.6818009631224735E-003   1.6824071314917998E-003
   1.6834876924979899E-003   1.6840938608673162E-003
   1.6851744218735066E-003   1.6857805902428329E-003
   1.6868611512490231E-003   1.6874673196183494E-003
   1.6885478806245397E-003   1.6891540489938658E-003
   1.6902346100000562E-003   1.6908407783693825E-003
   1.6919213393755729E-003   1.6925275077448990E-003
   1.6936080687510893E-003   1.6942142371204156E-003
   1.6952947981266060E-003   1.6959009664959321E-003
   1.6969815275021225E-003   1.6975876958714488E-003
   1.6986682568776391E-003   1.6992744252469652E-003
   1.7003549862531556E-003   1.7009611546224819E-003
   1.7020417156286720E-003   1.7026478839979983E-003
   1.7037284450041887E-003   1.7043346133735150E-003
   1.7054151743797052E-003   1.7060213427490315E-003
   1.7071019037552218E-003   1.7077080721245481E-003
   1.7087886331307383E-003   1.7093948015000646E-003
   1.7104753625062550E-003   1.7110815308755813E-003
   1.7121620918817714E-003   1.7127682602510977E-003
   1.7138488212572881E-003   1.7144549896266144E-003
   1.7155355506328046E-003   1.7161417190021309E-003
   1.7172222800083212E-003   1.7178284483776475E-003
   1.7189090093838377E-003   1.7195151777531640E-003
   1.7205957387593544E-003   1.7212019071286807E-003
   1.7222824681348708E-003   1.7228886365041971E-003
   1.7239691975103875E-003   1.7245753658797138E-003
   1.7256559268859040E-003   1.7262620952552302E-003
   1.7273426562614206E-003   1.7279488246307469E-003
   1.7290293856369371E-003   1.7296355540062634E-003
   1.7307161150124538E-003   1.7313222833817800E-003
   1.7324028443879702E-003   1.7330090127572965E-003
   1.7340895737634869E-003   1.7346957421328132E-003
   1.7357763031390033E-003   1.7363824715083296E-003
   1.7374630325145200E-003   1.7380692008838461E-003
   1.7391497618900365E-003   1.7397559302593628E-003
   1.7408364912655531E-003   1.7414426596348792E-003
   1.7425232206410696E-003   1.7431293890103959E-003
   1.7442099500165863E-003   1.7448161183859123E-003
   1.7458966793921027E-003   1.7465028477614290E-003
   1.7475834087676194E-003   1.7481895771369455E-003
   1.7492701381431359E-003   1.7498763065124621E-003
   1.7509568675186523E-003   1.7515630358879786E-003
   1.7526435968941690E-003   1.7532497652634953E-003
   1.7543303262696854E-003   1.7549364946390117E-003
   1.7560170556452021E-003   1.7566232240145284E-003
   1.7577037850207186E-003   1.7583099533900449E-003
   1.7593905143962352E-003   1.7599966827655615E-003
   1.7610772437717517E-003   1.7616834121410780E-003
   1.7627639731472684E-003   1.7633701415165947E-003
   1.7644507025227848E-003   1.7650568708921111E-003
   1.7661374318983015E-003   1.7667436002676278E-003
   1.7678241612738180E-003   1.7684303296431443E-003
   1.7695108906493346E-003   1.7701170590186609E-003
   1.7711976200248511E-003   1.7718037883941774E-003
   1.7728843494003678E-003   1.7734905177696941E-003
   1.7745710787758842E-003   1.7751772471452105E-003
   1.7762578081514009E-003   1.7768639765207272E-003
   1.7779445375269173E-003   1.7785507058962436E-003
   1.7796312669024340E-003   1.7802374352717603E-003
   1.7813179962779505E-003   1.7819241646472768E-003
   1.7830047256534671E-003   1.7836108940227934E-003
   1.7846914550289836E-003   1.7852976233983099E-003
   1.7863781844045003E-003   1.7869843527738264E-003
   1.7880649137800167E-003   1.7886710821493430E-003
   1.7897516431555334E-003   1.7903578115248595E-003
   1.7914383725310499E-003   1.7920445409003762E-003
   1.7931251019065665E-003   1.7937312702758926E-003
   1.7948118312820830E-003   1.7954179996514093E-003
   1.7964985606575997E-003   1.7971047290269257E-003
   1.7981852900331161E-003   1.7987914584024424E-003
   1.7998720194086326E-003   1.8004781877779589E-003
   1.8015587487841492E-003   1.8021649171534755E-003
   1.8032454781596657E-003   1.8038516465289920E-003
   1.8049322075351824E-003   1.8055383759045087E-003
   1.8066189369106988E-003   1.8072251052800251E-003
   1.8083056662862155E-003   1.8089118346555418E-003
   1.8099923956617320E-003   1.8105985640310583E-003
   1.8116791250372486E-003   1.8122852934065749E-003
   1.8133658544127651E-003   1.8139720227820914E-003
   1.8150525837882818E-003   1.8156587521576081E-003
   1.8167393131637982E-003   1.8173454815331245E-003
   1.8184260425393149E-003   1.8190322109086412E-003
   1.8201127719148313E-003   1.8207189402841576E-003
   1.8217995012903480E-003   1.8224056696596743E-003
   1.8234862306658645E-003   1.8240923990351908E-003
   1.8251729600413812E-003   1.8257791284107074E-003
   1.8268596894168976E-003   1.8274658577862239E-003
   1.8285464187924143E-003   1.8291525871617406E-003
   1.8302331481679307E-003   1.8308393165372570E-003
   1.8319198775434474E-003   1.8325260459127737E-003
   1.8336066069189639E-003   1.8342127752882902E-003
   1.8352933362944805E-003   1.8358995046638066E-003
   1.8369800656699970E-003   1.8375862340393233E-003
   1.8386667950455137E-003   1.8392729634148397E-003
   1.8403535244210301E-003   1.8409596927903564E-003
   1.8420402537965468E-003   1.8426464221658729E-003
   1.8437269831720633E-003   1.8443331515413895E-003
   1.8454137125475799E-003   1.8460198809169060E-003
   1.8471004419230964E-003   1.8477066102924227E-003
   1.8487871712986131E-003   1.8493933396679391E-003
   1.8504739006741295E-003   1.8510800690434558E-003
   1.8521606300496460E-003   1.8527667984189723E-003
   1.8538473594251626E-003   1.8544535277944889E-003
   1.8555340888006791E-003   1.8561402571700054E-003
   1.8572208181761958E-003   1.8578269865455221E-003
   1.8589075475517122E-003   1.8595137159210385E-003
   1.8605942769272289E-003   1.8612004452965552E-003
   1.8622810063027454E-003   1.8628871746720716E-003
   1.8639677356782620E-003   1.8645739040475883E-003
   1.8656544650537785E-003   1.8662606334231048E-003
   1.8673411944292952E-003   1.8679473627986215E-003
   1.8690279238048116E-003   1.8696340921741379E-003
   1.8707146531803283E-003   1.8713208215496546E-003
   1.8724013825558447E-003   1.8730075509251710E-003
   1.8740881119313614E-003   1.8746942803006877E-003
   1.8757748413068779E-003   1.8763810096762042E-003
   1.8774615706823945E-003   1.8780677390517208E-003
   1.8791483000579110E-003   1.8797544684272373E-003
   1.8808350294334277E-003   1.8814411978027540E-003
   1.8825217588089441E-003   1.8831279271782704E-003
   1.8842084881844608E-003   1.8848146565537871E-003
   1.8858952175599773E-003   1.8865013859293036E-003
   1.8875819469354939E-003   1.8881881153048200E-003
   1.8892686763110104E-003   1.8898748446803367E-003
   1.8909554056865271E-003   1.8915615740558531E-003
   1.8926421350620435E-003   1.8932483034313698E-003
   1.8943288644375602E-003   1.8949350328068863E-003
   1.8960155938130766E-003   1.8966217621824029E-003
   1.8977023231885933E-003   1.8983084915579194E-003
   1.8993890525641098E-003   1.8999952209334361E-003
   1.9010757819396262E-003   1.9016819503089525E-003
   1.9027625113151429E-003   1.9033686796844692E-003
   1.9044492406906594E-003   1.9050554090599857E-003
   1.9061359700661760E-003   1.9067421384355023E-003
   1.9078226994416925E-003   1.9084288678110188E-003
   1.9095094288172092E-003   1.9101155971865355E-003
   1.9111961581927256E-003   1.9118023265620519E-003
   1.9128828875682423E-003   1.9134890559375686E-003
   1.9145696169437587E-003   1.9151757853130850E-003
   1.9162563463192754E-003   1.9168625146886017E-003
   1.9179430756947919E-003   1.9185492440641182E-003
   1.9196298050703085E-003   1.9202359734396348E-003
   1.9213165344458250E-003   1.9219227028151513E-003
   1.9230032638213417E-003   1.9236094321906680E-003
   1.9246899931968581E-003   1.9252961615661844E-003
   1.9263767225723748E-003   1.9269828909417011E-003
   1.9280634519478913E-003   1.9286696203172176E-003
   1.9297501813234079E-003   1.9303563496927342E-003
   1.9314369106989244E-003   1.9320430790682507E-003
   1.9331236400744411E-003   1.9337298084437674E-003
   1.9348103694499575E-003   1.9354165378192838E-003
   1.9364970988254742E-003   1.9371032671948003E-003
   1.9381838282009907E-003   1.9387899965703169E-003
   1.9398705575765073E-003   1.9404767259458334E-003
   1.9415572869520238E-003   1.9421634553213501E-003
   1.9432440163275405E-003   1.9438501846968665E-003
   1.9449307457030569E-003   1.9455369140723832E-003
   1.9466174750785736E-003   1.9472236434478997E-003
   1.9483042044540900E-003   1.9489103728234163E-003
   1.9499909338296065E-003   1.9505971021989328E-003
   1.9516776632051232E-003   1.9522838315744495E-003
   1.9533643925806398E-003   1.9539705609499659E-003
   1.9550511219561563E-003   1.9556572903254824E-003
   1.9567378513316728E-003   1.9573440197009993E-003
   1.9584245807071892E-003   1.9590307490765157E-003
   1.9601113100827061E-003   1.9607174784520322E-003
   1.9617980394582226E-003   1.9624042078275486E-003
   1.9634847688337390E-003   1.9640909372030655E-003
   1.9651714982092555E-003   1.9657776665785820E-003
   1.9668582275847724E-003   1.9674643959540984E-003
   1.9685449569602888E-003   1.9691511253296149E-003
   1.9702316863358053E-003   1.9708378547051318E-003
   1.9719184157113217E-003   1.9725245840806482E-003
   1.9736051450868386E-003   1.9742113134561647E-003
   1.9752918744623551E-003   1.9758980428316811E-003
   1.9769786038378715E-003   1.9775847722071980E-003
   1.9786653332133880E-003   1.9792715015827145E-003
   1.9803520625889049E-003   1.9809582309582309E-003
   1.9820387919644213E-003   1.9826449603337474E-003
   1.9837255213399378E-003   1.9843316897092643E-003
   1.9854122507154542E-003   1.9860184190847808E-003
   1.9870989800909711E-003   1.9877051484602972E-003
   1.9887857094664876E-003   1.9893918778358137E-003
   1.9904724388420040E-003   1.9910786072113301E-003
   1.9921591682175205E-003   1.9927653365868470E-003
   1.9938458975930374E-003   1.9944520659623635E-003
   1.9955326269685538E-003   1.9961387953378799E-003
   1.9972193563440703E-003   1.9978255247133964E-003
   1.9989060857195868E-003   1.9995122540889133E-003
   2.0005928150951032E-003   2.0011989834644297E-003
   2.0022795444706201E-003   2.0028857128399462E-003
   2.0039662738461366E-003   2.0045724422154626E-003
   2.0056530032216530E-003   2.0062591715909795E-003
   2.0073397325971695E-003   2.0079459009664960E-003
   2.0090264619726864E-003   2.0096326303420124E-003
   2.0107131913482028E-003   2.0113193597175289E-003
   2.0123999207237193E-003   2.0130060890930458E-003
   2.0140866500992357E-003   2.0146928184685622E-003
   2.0157733794747526E-003   2.0163795478440787E-003
   2.0174601088502691E-003   2.0180662772195952E-003
   2.0191468382257855E-003   2.0197530065951120E-003
   2.0208335676013020E-003   2.0214397359706285E-003
   2.0225202969768189E-003   2.0231264653461450E-003
   2.0242070263523353E-003   2.0248131947216614E-003
   2.0258937557278518E-003   2.0264999240971783E-003
   2.0275804851033682E-003   2.0281866534726948E-003
   2.0292672144788851E-003   2.0298733828482112E-003
   2.0309539438544016E-003   2.0315601122237277E-003
   2.0326406732299180E-003   2.0332468415992446E-003
   2.0343274026054345E-003   2.0349335709747610E-003
   2.0360141319809514E-003   2.0366203003502775E-003
   2.0377008613564679E-003   2.0383070297257939E-003
   2.0393875907319843E-003   2.0399937591013104E-003
   2.0410743201075008E-003   2.0416804884768273E-003
   2.0427610494830177E-003   2.0433672178523437E-003
   2.0444477788585341E-003   2.0450539472278602E-003
   2.0461345082340506E-003   2.0467406766033766E-003
   2.0478212376095670E-003   2.0484274059788935E-003
   2.0495079669850835E-003   2.0501141353544100E-003
   2.0511946963606004E-003   2.0518008647299264E-003
   2.0528814257361168E-003   2.0534875941054429E-003
   2.0545681551116333E-003   2.0551743234809598E-003
   2.0562548844871497E-003   2.0568610528564762E-003
   2.0579416138626666E-003   2.0585477822319927E-003
   2.0596283432381831E-003   2.0602345116075092E-003
   2.0613150726136995E-003   2.0619212409830260E-003
   2.0630018019892160E-003   2.0636079703585425E-003
   2.0646885313647329E-003   2.0652946997340590E-003
   2.0663752607402493E-003   2.0669814291095754E-003
   2.0680619901157658E-003   2.0686681584850923E-003
   2.0697487194912823E-003   2.0703548878606088E-003
   2.0714354488667991E-003   2.0720416172361252E-003
   2.0731221782423156E-003   2.0737283466116417E-003
   2.0748089076178321E-003   2.0754150759871586E-003
   2.0764956369933485E-003   2.0771018053626750E-003
   2.0781823663688654E-003   2.0787885347381915E-003
   2.0798690957443819E-003   2.0804752641137079E-003
   2.0815558251198983E-003   2.0821619934892248E-003
   2.0832425544954148E-003   2.0838487228647413E-003
   2.0849292838709317E-003   2.0855354522402577E-003
   2.0866160132464481E-003   2.0872221816157742E-003
   2.0883027426219646E-003   2.0889089109912906E-003
   2.0899894719974810E-003   2.0905956403668075E-003
   2.0916762013729979E-003   2.0922823697423240E-003
   2.0933629307485144E-003   2.0939690991178404E-003
   2.0950496601240308E-003   2.0956558284933569E-003
   2.0967363894995473E-003   2.0973425578688738E-003
   2.0984231188750637E-003   2.0990292872443903E-003
   2.1001098482505806E-003   2.1007160166199067E-003
   2.1017965776260971E-003   2.1024027459954232E-003
   2.1034833070016135E-003   2.1040894753709401E-003
   2.1051700363771300E-003   2.1057762047464565E-003
   2.1068567657526469E-003   2.1074629341219730E-003
   2.1085434951281633E-003   2.1091496634974894E-003
   2.1102302245036798E-003   2.1108363928730063E-003
   2.1119169538791963E-003   2.1125231222485228E-003
   2.1136036832547131E-003   2.1142098516240392E-003
   2.1152904126302296E-003   2.1158965809995557E-003
   2.1169771420057461E-003   2.1175833103750726E-003
   2.1186638713812625E-003   2.1192700397505890E-003
   2.1203506007567794E-003   2.1209567691261055E-003
   2.1220373301322959E-003   2.1226434985016219E-003
   2.1237240595078123E-003   2.1243302278771388E-003
   2.1254107888833288E-003   2.1260169572526553E-003
   2.1270975182588457E-003   2.1277036866281717E-003
   2.1287842476343621E-003   2.1293904160036882E-003
   2.1304709770098786E-003   2.1310771453792051E-003
   2.1321577063853950E-003   2.1327638747547215E-003
   2.1338444357609119E-003   2.1344506041302380E-003
   2.1355311651364284E-003   2.1361373335057545E-003
   2.1372178945119448E-003   2.1378240628812709E-003
   2.1389046238874613E-003   2.1395107922567878E-003
   2.1405913532629782E-003   2.1411975216323043E-003
   2.1422780826384946E-003   2.1428842510078207E-003
   2.1439648120140111E-003   2.1445709803833372E-003
   2.1456515413895275E-003   2.1462577097588541E-003
   2.1473382707650440E-003   2.1479444391343705E-003
   2.1490250001405609E-003   2.1496311685098870E-003
   2.1507117295160774E-003   2.1513178978854034E-003
   2.1523984588915938E-003   2.1530046272609203E-003
   2.1540851882671103E-003   2.1546913566364368E-003
   2.1557719176426272E-003   2.1563780860119532E-003
   2.1574586470181436E-003   2.1580648153874697E-003
   2.1591453763936601E-003   2.1597515447629866E-003
   2.1608321057691765E-003   2.1614382741385030E-003
   2.1625188351446934E-003   2.1631250035140195E-003
   2.1642055645202099E-003   2.1648117328895359E-003
   2.1658922938957263E-003   2.1664984622650528E-003
   2.1675790232712428E-003   2.1681851916405693E-003
   2.1692657526467597E-003   2.1698719210160857E-003
   2.1709524820222761E-003   2.1715586503916022E-003
   2.1726392113977926E-003   2.1732453797671191E-003
   2.1743259407733090E-003   2.1749321091426355E-003
   2.1760126701488259E-003   2.1766188385181520E-003
   2.1776993995243424E-003   2.1783055678936685E-003
   2.1793861288998588E-003   2.1799922972691854E-003
   2.1810728582753753E-003   2.1816790266447018E-003
   2.1827595876508922E-003   2.1833657560202183E-003
   2.1844463170264086E-003   2.1850524853957347E-003
   2.1861330464019251E-003   2.1867392147712512E-003
   2.1878197757774416E-003   2.1884259441467681E-003
   2.1895065051529584E-003   2.1901126735222845E-003
   2.1911932345284749E-003   2.1917994028978010E-003
   2.1928799639039914E-003   2.1934861322733174E-003
   2.1945666932795078E-003   2.1951728616488343E-003
   2.1962534226550247E-003   2.1968595910243508E-003
   2.1979401520305412E-003   2.1985463203998672E-003
   2.1996268814060576E-003   2.2002330497753837E-003
   2.2013136107815741E-003   2.2019197791509006E-003
   2.2030003401570905E-003   2.2036065085264170E-003
   2.2046870695326074E-003   2.2052932379019335E-003
   2.2063737989081239E-003   2.2069799672774499E-003
   2.2080605282836403E-003   2.2086666966529668E-003
   2.2097472576591568E-003   2.2103534260284833E-003
   2.2114339870346737E-003   2.2120401554039998E-003
   2.2131207164101901E-003   2.2137268847795162E-003
   2.2148074457857066E-003   2.2154136141550331E-003
   2.2164941751612230E-003   2.2171003435305496E-003
   2.2181809045367399E-003   2.2187870729060660E-003
