   7.2986185686414523E-005   7.4066746692604820E-005
   7.4672915061931074E-005   7.5753476068121371E-005
   7.6359644437447638E-005   7.7440205443637936E-005
   7.8046373812964203E-005   7.9126934819154500E-005
   7.9733103188480767E-005   8.0813664194671065E-005
   8.1419832563997318E-005   8.2500393570187616E-005
   8.3106561939513883E-005   8.4187122945704180E-005
   8.4793291315030447E-005   8.5873852321220745E-005
   8.6480020690547012E-005   8.7560581696737310E-005
   8.8166750066063563E-005   8.9247311072253861E-005
   8.9853479441580128E-005   9.0934040447770425E-005
   9.1540208817096692E-005   9.2620769823286990E-005
   9.3226938192613243E-005   9.4307499198803541E-005
   9.4913667568129808E-005   9.5994228574320105E-005
   9.6600396943646372E-005   9.7680957949836670E-005
   9.8287126319162937E-005   9.9367687325353234E-005
   9.9973855694679488E-005   1.0105441670086979E-004
   1.0166058507019605E-004   1.0274114607638635E-004
   1.0334731444571262E-004   1.0442787545190291E-004
   1.0503404382122918E-004   1.0611460482741948E-004
   1.0672077319674573E-004   1.0780133420293603E-004
   1.0840750257226230E-004   1.0948806357845259E-004
   1.1009423194777886E-004   1.1117479295396916E-004
   1.1178096132329543E-004   1.1286152232948571E-004
   1.1346769069881198E-004   1.1454825170500227E-004
   1.1515442007432854E-004   1.1623498108051884E-004
   1.1684114944984511E-004   1.1792171045603540E-004
   1.1852787882536166E-004   1.1960843983155195E-004
   1.2021460820087822E-004   1.2129516920706852E-004
   1.2190133757639479E-004   1.2298189858258508E-004
   1.2358806695191135E-004   1.2466862795810165E-004
   1.2527479632742792E-004   1.2635535733361821E-004
   1.2696152570294448E-004   1.2804208670913478E-004
   1.2864825507846102E-004   1.2972881608465131E-004
   1.3033498445397758E-004   1.3141554546016788E-004
   1.3202171382949415E-004   1.3310227483568444E-004
   1.3370844320501071E-004   1.3478900421120101E-004
   1.3539517258052728E-004   1.3647573358671757E-004
   1.3708190195604384E-004   1.3816246296223414E-004
   1.3876863133156040E-004   1.3984919233775070E-004
   1.4045536070707694E-004   1.4153592171326724E-004
   1.4214209008259351E-004   1.4322265108878380E-004
   1.4382881945811007E-004   1.4490938046430037E-004
   1.4551554883362664E-004   1.4659610983981693E-004
   1.4720227820914320E-004   1.4828283921533350E-004
   1.4888900758465976E-004   1.4996956859085006E-004
   1.5057573696017633E-004   1.5165629796636663E-004
   1.5226246633569287E-004   1.5334302734188316E-004
   1.5394919571120943E-004   1.5502975671739973E-004
   1.5563592508672600E-004   1.5671648609291629E-004
   1.5732265446224256E-004   1.5840321546843286E-004
   1.5900938383775913E-004   1.6008994484394942E-004
   1.6069611321327569E-004   1.6177667421946599E-004
   1.6238284258879225E-004   1.6346340359498255E-004
   1.6406957196430882E-004   1.6515013297049912E-004
   1.6575630133982536E-004   1.6683686234601565E-004
   1.6744303071534192E-004   1.6852359172153222E-004
   1.6912976009085849E-004   1.7021032109704878E-004
   1.7081648946637505E-004   1.7189705047256535E-004
   1.7250321884189161E-004   1.7358377984808191E-004
   1.7418994821740818E-004   1.7527050922359848E-004
   1.7587667759292474E-004   1.7695723859911504E-004
   1.7756340696844128E-004   1.7864396797463158E-004
   1.7925013634395785E-004   1.8033069735014814E-004
   1.8093686571947441E-004   1.8201742672566471E-004
   1.8262359509499097E-004   1.8370415610118127E-004
   1.8431032447050754E-004   1.8539088547669784E-004
   1.8599705384602410E-004   1.8707761485221440E-004
   1.8768378322154067E-004   1.8876434422773097E-004
   1.8937051259705723E-004   1.9045107360324750E-004
   1.9105724197257377E-004   1.9213780297876407E-004
   1.9274397134809033E-004   1.9382453235428063E-004
   1.9443070072360690E-004   1.9551126172979720E-004
   1.9611743009912346E-004   1.9719799110531376E-004
   1.9780415947464003E-004   1.9888472048083033E-004
   1.9949088885015659E-004   2.0057144985634689E-004
   2.0117761822567316E-004   2.0225817923186346E-004
   2.0286434760118970E-004   2.0394490860737999E-004
   2.0455107697670626E-004   2.0563163798289656E-004
   2.0623780635222282E-004   2.0731836735841312E-004
   2.0792453572773939E-004   2.0900509673392969E-004
   2.0961126510325595E-004   2.1069182610944625E-004
   2.1129799447877252E-004   2.1237855548496282E-004
   2.1298472385428908E-004   2.1406528486047938E-004
   2.1467145322980562E-004   2.1575201423599592E-004
   2.1635818260532218E-004   2.1743874361151248E-004
   2.1804491198083875E-004   2.1912547298702905E-004
   2.1973164135635531E-004   2.2081220236254561E-004
   2.2141837073187188E-004   2.2249893173806218E-004
   2.2310510010738844E-004   2.2418566111357874E-004
   2.2479182948290501E-004   2.2587239048909530E-004
   2.2647855885842157E-004   2.2755911986461184E-004
   2.2816528823393811E-004   2.2924584924012841E-004
   2.2985201760945467E-004   2.3093257861564497E-004
   2.3153874698497124E-004   2.3261930799116154E-004
   2.3322547636048780E-004   2.3430603736667810E-004
   2.3491220573600437E-004   2.3599276674219466E-004
   2.3659893511152093E-004   2.3767949611771123E-004
   2.3828566448703750E-004   2.3936622549322779E-004
   2.3997239386255403E-004   2.4105295486874433E-004
   2.4165912323807060E-004   2.4273968424426090E-004
   2.4334585261358716E-004   2.4442641361977749E-004
   2.4503258198910373E-004   2.4611314299529405E-004
   2.4671931136462029E-004   2.4779987237081056E-004
   2.4840604074013686E-004   2.4948660174632713E-004
   2.5009277011565342E-004   2.5117333112184369E-004
   2.5177949949116999E-004   2.5286006049736026E-004
   2.5346622886668655E-004   2.5454678987287682E-004
   2.5515295824220311E-004   2.5623351924839339E-004
   2.5683968761771968E-004   2.5792024862390995E-004
   2.5852641699323619E-004   2.5960697799942651E-004
   2.6021314636875275E-004   2.6129370737494308E-004
   2.6189987574426932E-004   2.6298043675045964E-004
   2.6358660511978588E-004   2.6466716612597621E-004
   2.6527333449530245E-004   2.6635389550149277E-004
   2.6696006387081901E-004   2.6804062487700934E-004
   2.6864679324633558E-004   2.6972735425252590E-004
   2.7033352262185214E-004   2.7141408362804241E-004
   2.7202025199736871E-004   2.7310081300355898E-004
   2.7370698137288527E-004   2.7478754237907554E-004
   2.7539371074840184E-004   2.7647427175459211E-004
   2.7708044012391840E-004   2.7816100113010867E-004
   2.7876716949943496E-004   2.7984773050562523E-004
   2.8045389887495153E-004   2.8153445988114180E-004
   2.8214062825046809E-004   2.8322118925665836E-004
   2.8382735762598460E-004   2.8490791863217493E-004
   2.8551408700150117E-004   2.8659464800769149E-004
   2.8720081637701773E-004   2.8828137738320806E-004
   2.8888754575253430E-004   2.8996810675872462E-004
   2.9057427512805086E-004   2.9165483613424119E-004
   2.9226100450356743E-004   2.9334156550975775E-004
   2.9394773387908399E-004   2.9502829488527432E-004
   2.9563446325460056E-004   2.9671502426079083E-004
   2.9732119263011712E-004   2.9840175363630739E-004
   2.9900792200563368E-004   3.0008848301182396E-004
   3.0069465138115025E-004   3.0177521238734052E-004
   3.0238138075666681E-004   3.0346194176285708E-004
   3.0406811013218338E-004   3.0514867113837365E-004
   3.0575483950769994E-004   3.0683540051389021E-004
   3.0744156888321651E-004   3.0852212988940678E-004
   3.0912829825873302E-004   3.1020885926492334E-004
   3.1081502763424958E-004   3.1189558864043991E-004
   3.1250175700976615E-004   3.1358231801595647E-004
   3.1418848638528271E-004   3.1526904739147304E-004
   3.1587521576079928E-004   3.1695577676698960E-004
   3.1756194513631584E-004   3.1864250614250617E-004
   3.1924867451183241E-004   3.2032923551802273E-004
   3.2093540388734897E-004   3.2201596489353924E-004
   3.2262213326286553E-004   3.2370269426905580E-004
   3.2430886263838210E-004   3.2538942364457237E-004
   3.2599559201389866E-004   3.2707615302008893E-004
   3.2768232138941523E-004   3.2876288239560550E-004
   3.2936905076493179E-004   3.3044961177112206E-004
   3.3105578014044836E-004   3.3213634114663863E-004
   3.3274250951596487E-004   3.3382307052215519E-004
   3.3442923889148143E-004   3.3550979989767176E-004
   3.3611596826699800E-004   3.3719652927318832E-004
   3.3780269764251456E-004   3.3888325864870489E-004
   3.3948942701803113E-004   3.4056998802422145E-004
   3.4117615639354769E-004   3.4225671739973801E-004
   3.4286288576906425E-004   3.4394344677525458E-004
   3.4454961514458082E-004   3.4563017615077109E-004
   3.4623634452009738E-004   3.4731690552628765E-004
   3.4792307389561395E-004   3.4900363490180422E-004
   3.4960980327113051E-004   3.5069036427732078E-004
   3.5129653264664708E-004   3.5237709365283735E-004
   3.5298326202216364E-004   3.5406382302835391E-004
   3.5466999139768021E-004   3.5575055240387048E-004
   3.5635672077319677E-004   3.5743728177938704E-004
   3.5804345014871328E-004   3.5912401115490361E-004
   3.5973017952422985E-004   3.6081074053042017E-004
   3.6141690889974641E-004   3.6249746990593674E-004
   3.6310363827526298E-004   3.6418419928145330E-004
   3.6479036765077954E-004   3.6587092865696986E-004
   3.6647709702629610E-004   3.6755765803248643E-004
   3.6816382640181267E-004   3.6924438740800299E-004
   3.6985055577732923E-004   3.7093111678351950E-004
   3.7153728515284580E-004   3.7261784615903607E-004
   3.7322401452836236E-004   3.7430457553455263E-004
   3.7491074390387893E-004   3.7599130491006920E-004
   3.7659747327939549E-004   3.7767803428558576E-004
   3.7828420265491206E-004   3.7936476366110233E-004
   3.7997093203042862E-004   3.8105149303661889E-004
   3.8165766140594519E-004   3.8273822241213546E-004
   3.8334439078146170E-004   3.8442495178765202E-004
   3.8503112015697826E-004   3.8611168116316858E-004
   3.8671784953249482E-004   3.8779841053868515E-004
   3.8840457890801139E-004   3.8948513991420171E-004
   3.9009130828352795E-004   3.9117186928971828E-004
   3.9177803765904452E-004   3.9285859866523484E-004
   3.9346476703456108E-004   3.9454532804075141E-004
   3.9515149641007765E-004   3.9623205741626792E-004
   3.9683822578559421E-004   3.9791878679178448E-004
   3.9852495516111078E-004   3.9960551616730105E-004
   4.0021168453662734E-004   4.0129224554281761E-004
   4.0189841391214391E-004   4.0297897491833418E-004
   4.0358514328766047E-004   4.0466570429385074E-004
   4.0527187266317703E-004   4.0635243366936730E-004
   4.0695860203869354E-004   4.0803916304488387E-004
   4.0864533141421011E-004   4.0972589242040043E-004
   4.1033206078972667E-004   4.1141262179591700E-004
   4.1201879016524324E-004   4.1309935117143356E-004
   4.1370551954075980E-004   4.1478608054695013E-004
   4.1539224891627637E-004   4.1647280992246669E-004
   4.1707897829179293E-004   4.1815953929798326E-004
   4.1876570766730950E-004   4.1984626867349982E-004
   4.2045243704282606E-004   4.2153299804901633E-004
   4.2213916641834263E-004   4.2321972742453290E-004
   4.2382589579385919E-004   4.2490645680004946E-004
   4.2551262516937575E-004   4.2659318617556603E-004
   4.2719935454489232E-004   4.2827991555108259E-004
   4.2888608392040888E-004   4.2996664492659915E-004
   4.3057281329592545E-004   4.3165337430211572E-004
   4.3225954267144196E-004   4.3334010367763228E-004
   4.3394627204695852E-004   4.3502683305314885E-004
   4.3563300142247509E-004   4.3671356242866541E-004
   4.3731973079799165E-004   4.3840029180418198E-004
   4.3900646017350822E-004   4.4008702117969854E-004
   4.4069318954902478E-004   4.4177375055521511E-004
   4.4237991892454135E-004   4.4346047993073167E-004
   4.4406664830005791E-004   4.4514720930624818E-004
   4.4575337767557448E-004   4.4683393868176475E-004
   4.4744010705109104E-004   4.4852066805728131E-004
   4.4912683642660760E-004   4.5020739743279787E-004
   4.5081356580212417E-004   4.5189412680831444E-004
   4.5250029517764073E-004   4.5358085618383100E-004
   4.5418702455315730E-004   4.5526758555934757E-004
   4.5587375392867386E-004   4.5695431493486413E-004
   4.5756048330419037E-004   4.5864104431038070E-004
   4.5924721267970694E-004   4.6032777368589726E-004
   4.6093394205522350E-004   4.6201450306141383E-004
   4.6262067143074007E-004   4.6370123243693039E-004
   4.6430740080625663E-004   4.6538796181244696E-004
   4.6599413018177320E-004   4.6707469118796352E-004
   4.6768085955728976E-004   4.6876142056348008E-004
   4.6936758893280632E-004   4.7044814993899660E-004
   4.7105431830832289E-004   4.7213487931451316E-004
   4.7274104768383945E-004   4.7382160869002972E-004
   4.7442777705935602E-004   4.7550833806554629E-004
   4.7611450643487258E-004   4.7719506744106285E-004
   4.7780123581038915E-004   4.7888179681657942E-004
   4.7948796518590571E-004   4.8056852619209598E-004
   4.8117469456142228E-004   4.8225525556761255E-004
   4.8286142393693879E-004   4.8394198494312911E-004
   4.8454815331245535E-004   4.8562871431864568E-004
   4.8623488268797192E-004   4.8731544369416224E-004
   4.8792161206348848E-004   4.8900217306967881E-004
   4.8960834143900510E-004   4.9068890244519537E-004
   4.9129507081452166E-004   4.9237563182071193E-004
   4.9298180019003823E-004   4.9406236119622850E-004
   4.9466852956555468E-004   4.9574909057174506E-004
   4.9635525894107125E-004   4.9743581994726163E-004
   4.9804198831658781E-004   4.9912254932277819E-004
   4.9972871769210438E-004   5.0080927869829476E-004
   5.0141544706762094E-004   5.0249600807381132E-004
   5.0310217644313751E-004   5.0418273744932789E-004
   5.0478890581865407E-004   5.0586946682484445E-004
   5.0647563519417064E-004   5.0755619620036091E-004
   5.0816236456968720E-004   5.0924292557587747E-004
   5.0984909394520377E-004   5.1092965495139404E-004
   5.1153582332072033E-004   5.1261638432691060E-004
   5.1322255269623689E-004   5.1430311370242717E-004
   5.1490928207175346E-004   5.1598984307794373E-004
   5.1659601144727002E-004   5.1767657245346029E-004
   5.1828274082278659E-004   5.1936330182897686E-004
   5.1996947019830315E-004   5.2105003120449342E-004
   5.2165619957381972E-004   5.2273676058000999E-004
   5.2334292894933628E-004   5.2442348995552655E-004
   5.2502965832485285E-004   5.2611021933104312E-004
   5.2671638770036941E-004   5.2779694870655968E-004
   5.2840311707588598E-004   5.2948367808207625E-004
   5.3008984645140254E-004   5.3117040745759281E-004
   5.3177657582691910E-004   5.3285713683310938E-004
   5.3346330520243567E-004   5.3454386620862594E-004
   5.3515003457795223E-004   5.3623059558414250E-004
   5.3683676395346880E-004   5.3791732495965907E-004
   5.3852349332898536E-004   5.3960405433517563E-004
   5.4021022270450193E-004   5.4129078371069220E-004
   5.4189695208001849E-004   5.4297751308620876E-004
   5.4358368145553495E-004   5.4466424246172533E-004
   5.4527041083105151E-004   5.4635097183724189E-004
   5.4695714020656808E-004   5.4803770121275846E-004
   5.4864386958208464E-004   5.4972443058827502E-004
   5.5033059895760121E-004   5.5141115996379159E-004
   5.5201732833311777E-004   5.5309788933930815E-004
   5.5370405770863434E-004   5.5478461871482471E-004
   5.5539078708415090E-004   5.5647134809034128E-004
   5.5707751645966746E-004   5.5815807746585774E-004
   5.5876424583518403E-004   5.5984480684137430E-004
   5.6045097521070059E-004   5.6153153621689086E-004
   5.6213770458621716E-004   5.6321826559240743E-004
   5.6382443396173372E-004   5.6490499496792399E-004
   5.6551116333725029E-004   5.6659172434344056E-004
   5.6719789271276685E-004   5.6827845371895712E-004
   5.6888462208828342E-004   5.6996518309447369E-004
   5.7057135146379998E-004   5.7165191246999025E-004
   5.7225808083931655E-004   5.7333864184550682E-004
   5.7394481021483311E-004   5.7502537122102338E-004
   5.7563153959034967E-004   5.7671210059653995E-004
   5.7731826896586624E-004   5.7839882997205651E-004
   5.7900499834138280E-004   5.8008555934757307E-004
   5.8069172771689937E-004   5.8177228872308964E-004
   5.8237845709241593E-004   5.8345901809860620E-004
   5.8406518646793250E-004   5.8514574747412277E-004
   5.8575191584344906E-004   5.8683247684963933E-004
   5.8743864521896563E-004   5.8851920622515590E-004
   5.8912537459448219E-004   5.9020593560067246E-004
   5.9081210396999876E-004   5.9189266497618903E-004
   5.9249883334551532E-004   5.9357939435170559E-004
   5.9418556272103178E-004   5.9526612372722216E-004
   5.9587229209654834E-004   5.9695285310273872E-004
   5.9755902147206491E-004   5.9863958247825528E-004
   5.9924575084758147E-004   6.0032631185377185E-004
   6.0093248022309803E-004   6.0201304122928841E-004
   6.0261920959861460E-004   6.0369977060480498E-004
   6.0430593897413116E-004   6.0538649998032154E-004
   6.0599266834964773E-004   6.0707322935583800E-004
   6.0767939772516429E-004   6.0875995873135456E-004
   6.0936612710068086E-004   6.1044668810687113E-004
   6.1105285647619742E-004   6.1213341748238769E-004
   6.1273958585171399E-004   6.1382014685790426E-004
   6.1442631522723055E-004   6.1550687623342082E-004
   6.1611304460274712E-004   6.1719360560893739E-004
   6.1779977397826368E-004   6.1888033498445395E-004
   6.1948650335378024E-004   6.2056706435997052E-004
   6.2117323272929681E-004   6.2225379373548708E-004
   6.2285996210481337E-004   6.2394052311100364E-004
   6.2454669148032994E-004   6.2562725248652021E-004
   6.2623342085584650E-004   6.2731398186203677E-004
   6.2792015023136307E-004   6.2900071123755334E-004
   6.2960687960687963E-004   6.3068744061306990E-004
   6.3129360898239620E-004   6.3237416998858647E-004
   6.3298033835791276E-004   6.3406089936410303E-004
   6.3466706773342933E-004   6.3574762873961960E-004
   6.3635379710894589E-004   6.3743435811513616E-004
   6.3804052648446245E-004   6.3912108749065273E-004
   6.3972725585997902E-004   6.4080781686616929E-004
   6.4141398523549558E-004   6.4249454624168585E-004
   6.4310071461101204E-004   6.4418127561720242E-004
   6.4478744398652860E-004   6.4586800499271898E-004
   6.4647417336204517E-004   6.4755473436823555E-004
   6.4816090273756173E-004   6.4924146374375211E-004
   6.4984763211307830E-004   6.5092819311926868E-004
   6.5153436148859486E-004   6.5261492249478524E-004
   6.5322109086411143E-004   6.5430165187030181E-004
   6.5490782023962799E-004   6.5598838124581837E-004
   6.5659454961514456E-004   6.5767511062133483E-004
   6.5828127899066112E-004   6.5936183999685139E-004
   6.5996800836617769E-004   6.6104856937236796E-004
   6.6165473774169425E-004   6.6273529874788452E-004
   6.6334146711721081E-004   6.6442202812340108E-004
   6.6502819649272738E-004   6.6610875749891765E-004
   6.6671492586824394E-004   6.6779548687443421E-004
   6.6840165524376051E-004   6.6948221624995078E-004
   6.7008838461927707E-004   6.7116894562546734E-004
   6.7177511399479364E-004   6.7285567500098391E-004
   6.7346184337031020E-004   6.7454240437650047E-004
   6.7514857274582677E-004   6.7622913375201704E-004
   6.7683530212134333E-004   6.7791586312753360E-004
   6.7852203149685990E-004   6.7960259250305017E-004
   6.8020876087237646E-004   6.8128932187856673E-004
   6.8189549024789302E-004   6.8297605125408330E-004
   6.8358221962340959E-004   6.8466278062959986E-004
   6.8526894899892615E-004   6.8634951000511642E-004
   6.8695567837444272E-004   6.8803623938063299E-004
   6.8864240774995928E-004   6.8972296875614955E-004
   6.9032913712547585E-004   6.9140969813166612E-004
   6.9201586650099241E-004   6.9309642750718268E-004
   6.9370259587650887E-004   6.9478315688269925E-004
   6.9538932525202543E-004   6.9646988625821581E-004
   6.9707605462754200E-004   6.9815661563373238E-004
   6.9876278400305856E-004   6.9984334500924894E-004
   7.0044951337857513E-004   7.0153007438476551E-004
   7.0213624275409169E-004   7.0321680376028207E-004
   7.0382297212960826E-004   7.0490353313579863E-004
   7.0550970150512482E-004   7.0659026251131509E-004
   7.0719643088064138E-004   7.0827699188683165E-004
   7.0888316025615795E-004   7.0996372126234822E-004
   7.1056988963167451E-004   7.1165045063786478E-004
   7.1225661900719108E-004   7.1333718001338135E-004
   7.1394334838270764E-004   7.1502390938889791E-004
   7.1563007775822421E-004   7.1671063876441448E-004
   7.1731680713374077E-004   7.1839736813993104E-004
   7.1900353650925734E-004   7.2008409751544761E-004
   7.2069026588477390E-004   7.2177082689096417E-004
   7.2237699526029047E-004   7.2345755626648074E-004
   7.2406372463580703E-004   7.2514428564199730E-004
   7.2575045401132359E-004   7.2683101501751386E-004
   7.2743718338684016E-004   7.2851774439303043E-004
   7.2912391276235672E-004   7.3020447376854699E-004
   7.3081064213787329E-004   7.3189120314406356E-004
   7.3249737151338985E-004   7.3357793251958012E-004
   7.3418410088890642E-004   7.3526466189509669E-004
   7.3587083026442298E-004   7.3695139127061325E-004
   7.3755755963993955E-004   7.3863812064612982E-004
   7.3924428901545611E-004   7.4032485002164638E-004
   7.4093101839097268E-004   7.4201157939716295E-004
   7.4261774776648913E-004   7.4369830877267951E-004
   7.4430447714200570E-004   7.4538503814819607E-004
   7.4599120651752226E-004   7.4707176752371264E-004
   7.4767793589303883E-004   7.4875849689922920E-004
   7.4936466526855539E-004   7.5044522627474577E-004
   7.5105139464407195E-004   7.5213195565026233E-004
   7.5273812401958852E-004   7.5381868502577890E-004
   7.5442485339510508E-004   7.5550541440129546E-004
   7.5611158277062165E-004   7.5719214377681192E-004
   7.5779831214613821E-004   7.5887887315232848E-004
   7.5948504152165478E-004   7.6056560252784505E-004
   7.6117177089717134E-004   7.6225233190336161E-004
   7.6285850027268791E-004   7.6393906127887818E-004
   7.6454522964820447E-004   7.6562579065439474E-004
   7.6623195902372104E-004   7.6731252002991131E-004
   7.6791868839923760E-004   7.6899924940542787E-004
   7.6960541777475416E-004   7.7068597878094443E-004
   7.7129214715027073E-004   7.7237270815646100E-004
   7.7297887652578729E-004   7.7405943753197756E-004
   7.7466560590130386E-004   7.7574616690749413E-004
   7.7635233527682042E-004   7.7743289628301069E-004
   7.7803906465233699E-004   7.7911962565852726E-004
   7.7972579402785355E-004   7.8080635503404382E-004
   7.8141252340337012E-004   7.8249308440956039E-004
   7.8309925277888668E-004   7.8417981378507695E-004
   7.8478598215440325E-004   7.8586654316059352E-004
   7.8647271152991981E-004   7.8755327253611008E-004
   7.8815944090543637E-004   7.8924000191162664E-004
   7.8984617028095294E-004   7.9092673128714321E-004
   7.9153289965646950E-004   7.9261346066265977E-004
   7.9321962903198596E-004   7.9430019003817634E-004
   7.9490635840750252E-004   7.9598691941369290E-004
   7.9659308778301909E-004   7.9767364878920947E-004
   7.9827981715853565E-004   7.9936037816472603E-004
   7.9996654653405222E-004   8.0104710754024260E-004
   8.0165327590956878E-004   8.0273383691575916E-004
   8.0334000528508535E-004   8.0442056629127573E-004
   8.0502673466060191E-004   8.0610729566679218E-004
   8.0671346403611848E-004   8.0779402504230875E-004
   8.0840019341163504E-004   8.0948075441782531E-004
   8.1008692278715161E-004   8.1116748379334188E-004
   8.1177365216266817E-004   8.1285421316885844E-004
   8.1346038153818473E-004   8.1454094254437500E-004
   8.1514711091370130E-004   8.1622767191989157E-004
   8.1683384028921786E-004   8.1791440129540813E-004
   8.1852056966473443E-004   8.1960113067092470E-004
   8.2020729904025099E-004   8.2128786004644126E-004
   8.2189402841576756E-004   8.2297458942195783E-004
   8.2358075779128412E-004   8.2466131879747439E-004
   8.2526748716680069E-004   8.2634804817299096E-004
   8.2695421654231725E-004   8.2803477754850752E-004
   8.2864094591783382E-004   8.2972150692402409E-004
   8.3032767529335038E-004   8.3140823629954065E-004
   8.3201440466886694E-004   8.3309496567505721E-004
   8.3370113404438351E-004   8.3478169505057378E-004
   8.3538786341990007E-004   8.3646842442609034E-004
   8.3707459279541664E-004   8.3815515380160691E-004
   8.3876132217093320E-004   8.3984188317712347E-004
   8.4044805154644977E-004   8.4152861255264004E-004
   8.4213478092196622E-004   8.4321534192815660E-004
   8.4382151029748279E-004   8.4490207130367317E-004
   8.4550823967299935E-004   8.4658880067918973E-004
   8.4719496904851592E-004   8.4827553005470630E-004
   8.4888169842403248E-004   8.4996225943022286E-004
   8.5056842779954905E-004   8.5164898880573942E-004
   8.5225515717506561E-004   8.5333571818125599E-004
   8.5394188655058218E-004   8.5502244755677245E-004
   8.5562861592609874E-004   8.5670917693228901E-004
   8.5731534530161530E-004   8.5839590630780557E-004
   8.5900207467713187E-004   8.6008263568332214E-004
   8.6068880405264843E-004   8.6176936505883870E-004
   8.6237553342816500E-004   8.6345609443435527E-004
   8.6406226280368156E-004   8.6514282380987183E-004
   8.6574899217919813E-004   8.6682955318538840E-004
   8.6743572155471469E-004   8.6851628256090496E-004
   8.6912245093023126E-004   8.7020301193642153E-004
   8.7080918030574782E-004   8.7188974131193809E-004
   8.7249590968126439E-004   8.7357647068745466E-004
   8.7418263905678095E-004   8.7526320006297122E-004
   8.7586936843229751E-004   8.7694992943848778E-004
   8.7755609780781408E-004   8.7863665881400435E-004
   8.7924282718333064E-004   8.8032338818952091E-004
   8.8092955655884721E-004   8.8201011756503748E-004
   8.8261628593436377E-004   8.8369684694055404E-004
   8.8430301530988034E-004   8.8538357631607061E-004
   8.8598974468539690E-004   8.8707030569158717E-004
   8.8767647406091347E-004   8.8875703506710374E-004
   8.8936320343643003E-004   8.9044376444262030E-004
   8.9104993281194660E-004   8.9213049381813687E-004
   8.9273666218746305E-004   8.9381722319365343E-004
   8.9442339156297962E-004   8.9550395256916999E-004
   8.9611012093849618E-004   8.9719068194468656E-004
   8.9779685031401275E-004   8.9887741132020312E-004
   8.9948357968952931E-004   9.0056414069571969E-004
   9.0117030906504587E-004   9.0225087007123625E-004
   9.0285703844056244E-004   9.0393759944675282E-004
   9.0454376781607900E-004   9.0562432882226927E-004
   9.0623049719159557E-004   9.0731105819778584E-004
   9.0791722656711213E-004   9.0899778757330240E-004
   9.0960395594262870E-004   9.1068451694881897E-004
   9.1129068531814526E-004   9.1237124632433553E-004
   9.1297741469366183E-004   9.1405797569985210E-004
   9.1466414406917839E-004   9.1574470507536866E-004
   9.1635087344469496E-004   9.1743143445088523E-004
   9.1803760282021152E-004   9.1911816382640179E-004
   9.1972433219572808E-004   9.2080489320191835E-004
   9.2141106157124465E-004   9.2249162257743492E-004
   9.2309779094676121E-004   9.2417835195295148E-004
   9.2478452032227778E-004   9.2586508132846805E-004
   9.2647124969779434E-004   9.2755181070398461E-004
   9.2815797907331091E-004   9.2923854007950118E-004
   9.2984470844882747E-004   9.3092526945501774E-004
   9.3153143782434404E-004   9.3261199883053431E-004
   9.3321816719986060E-004   9.3429872820605087E-004
   9.3490489657537717E-004   9.3598545758156744E-004
   9.3659162595089373E-004   9.3767218695708400E-004
   9.3827835532641029E-004   9.3935891633260056E-004
   9.3996508470192686E-004   9.4104564570811713E-004
   9.4165181407744331E-004   9.4273237508363369E-004
   9.4333854345295988E-004   9.4441910445915026E-004
   9.4502527282847644E-004   9.4610583383466682E-004
   9.4671200220399301E-004   9.4779256321018339E-004
   9.4839873157950957E-004   9.4947929258569995E-004
   9.5008546095502614E-004   9.5116602196121652E-004
   9.5177219033054270E-004   9.5285275133673308E-004
   9.5345891970605927E-004   9.5453948071224954E-004
   9.5514564908157583E-004   9.5622621008776610E-004
   9.5683237845709240E-004   9.5791293946328267E-004
   9.5851910783260896E-004   9.5959966883879923E-004
   9.6020583720812553E-004   9.6128639821431580E-004
   9.6189256658364209E-004   9.6297312758983236E-004
   9.6357929595915865E-004   9.6465985696534892E-004
   9.6526602533467522E-004   9.6634658634086549E-004
   9.6695275471019178E-004   9.6803331571638205E-004
   9.6863948408570835E-004   9.6972004509189862E-004
   9.7032621346122491E-004   9.7140677446741518E-004
   9.7201294283674148E-004   9.7309350384293175E-004
   9.7369967221225804E-004   9.7478023321844831E-004
   9.7538640158777461E-004   9.7646696259396488E-004
   9.7707313096329117E-004   9.7815369196948155E-004
   9.7875986033880763E-004   9.7984042134499801E-004
   9.8044658971432430E-004   9.8152715072051446E-004
   9.8213331908984076E-004   9.8321388009603113E-004
   9.8382004846535743E-004   9.8490060947154759E-004
   9.8550677784087388E-004   9.8658733884706426E-004
   9.8719350721639056E-004   9.8827406822258072E-004
   9.8888023659190701E-004   9.8996079759809739E-004
   9.9056696596742369E-004   9.9164752697361385E-004
   9.9225369534294014E-004   9.9333425634913052E-004
   9.9394042471845682E-004   9.9502098572464698E-004
   9.9562715409397327E-004   9.9670771510016365E-004
   9.9731388346948995E-004   9.9839444447568011E-004
   9.9900061284500640E-004   1.0000811738511968E-003
   1.0006873422205231E-003   1.0017679032267132E-003
   1.0023740715960395E-003   1.0034546326022299E-003
   1.0040608009715562E-003   1.0051413619777464E-003
   1.0057475303470727E-003   1.0068280913532630E-003
   1.0074342597225893E-003   1.0085148207287795E-003
   1.0091209890981058E-003   1.0102015501042962E-003
   1.0108077184736225E-003   1.0118882794798126E-003
   1.0124944478491389E-003   1.0135750088553293E-003
   1.0141811772246556E-003   1.0152617382308458E-003
   1.0158679066001720E-003   1.0169484676063624E-003
   1.0175546359756885E-003   1.0186351969818789E-003
   1.0192413653512052E-003   1.0203219263573956E-003
   1.0209280947267216E-003   1.0220086557329120E-003
   1.0226148241022383E-003   1.0236953851084287E-003
   1.0243015534777548E-003   1.0253821144839451E-003
   1.0259882828532714E-003   1.0270688438594618E-003
   1.0276750122287879E-003   1.0287555732349783E-003
   1.0293617416043046E-003   1.0304423026104947E-003
   1.0310484709798210E-003   1.0321290319860114E-003
   1.0327352003553377E-003   1.0338157613615279E-003
   1.0344219297308541E-003   1.0355024907370445E-003
   1.0361086591063708E-003   1.0371892201125610E-003
   1.0377953884818873E-003   1.0388759494880777E-003
   1.0394821178574040E-003   1.0405626788635941E-003
   1.0411688472329204E-003   1.0422494082391108E-003
   1.0428555766084371E-003   1.0439361376146272E-003
   1.0445423059839535E-003   1.0456228669901439E-003
   1.0462290353594702E-003   1.0473095963656604E-003
   1.0479157647349867E-003   1.0489963257411770E-003
   1.0496024941105033E-003   1.0506830551166935E-003
   1.0512892234860198E-003   1.0523697844922102E-003
   1.0529759528615365E-003   1.0540565138677266E-003
   1.0546626822370529E-003   1.0557432432432433E-003
   1.0563494116125696E-003   1.0574299726187598E-003
   1.0580361409880861E-003   1.0591167019942764E-003
   1.0597228703636027E-003   1.0608034313697929E-003
   1.0614095997391192E-003   1.0624901607453096E-003
   1.0630963291146359E-003   1.0641768901208260E-003
   1.0647830584901523E-003   1.0658636194963427E-003
   1.0664697878656688E-003   1.0675503488718591E-003
   1.0681565172411854E-003   1.0692370782473758E-003
   1.0698432466167019E-003   1.0709238076228923E-003
   1.0715299759922186E-003   1.0726105369984089E-003
   1.0732167053677350E-003   1.0742972663739254E-003
   1.0749034347432517E-003   1.0759839957494421E-003
   1.0765901641187682E-003   1.0776707251249585E-003
   1.0782768934942848E-003   1.0793574545004750E-003
   1.0799636228698013E-003   1.0810441838759917E-003
   1.0816503522453180E-003   1.0827309132515081E-003
   1.0833370816208344E-003   1.0844176426270248E-003
   1.0850238109963511E-003   1.0861043720025412E-003
   1.0867105403718675E-003   1.0877911013780579E-003
   1.0883972697473842E-003   1.0894778307535744E-003
   1.0900839991229007E-003   1.0911645601290910E-003
   1.0917707284984173E-003   1.0928512895046075E-003
   1.0934574578739338E-003   1.0945380188801242E-003
   1.0951441872494505E-003   1.0962247482556406E-003
   1.0968309166249669E-003   1.0979114776311573E-003
   1.0985176460004836E-003   1.0995982070066738E-003
   1.1002043753760001E-003   1.1012849363821904E-003
   1.1018911047515167E-003   1.1029716657577069E-003
   1.1035778341270332E-003   1.1046583951332236E-003
   1.1052645635025499E-003   1.1063451245087400E-003
   1.1069512928780663E-003   1.1080318538842567E-003
   1.1086380222535830E-003   1.1097185832597732E-003
   1.1103247516290994E-003   1.1114053126352898E-003
   1.1120114810046161E-003   1.1130920420108063E-003
   1.1136982103801326E-003   1.1147787713863230E-003
   1.1153849397556490E-003   1.1164655007618394E-003
   1.1170716691311657E-003   1.1181522301373561E-003
   1.1187583985066822E-003   1.1198389595128725E-003
   1.1204451278821988E-003   1.1215256888883892E-003
   1.1221318572577153E-003   1.1232124182639057E-003
   1.1238185866332320E-003   1.1248991476394223E-003
   1.1255053160087484E-003   1.1265858770149388E-003
   1.1271920453842651E-003   1.1282726063904553E-003
   1.1288787747597815E-003   1.1299593357659719E-003
   1.1305655041352982E-003   1.1316460651414884E-003
   1.1322522335108147E-003   1.1333327945170051E-003
   1.1339389628863313E-003   1.1350195238925215E-003
   1.1356256922618478E-003   1.1367062532680382E-003
   1.1373124216373645E-003   1.1383929826435546E-003
   1.1389991510128809E-003   1.1400797120190713E-003
   1.1406858803883976E-003   1.1417664413945878E-003
   1.1423726097639141E-003   1.1434531707701044E-003
   1.1440593391394307E-003   1.1451399001456209E-003
   1.1457460685149472E-003   1.1468266295211376E-003
   1.1474327978904639E-003   1.1485133588966540E-003
   1.1491195272659803E-003   1.1502000882721707E-003
   1.1508062566414970E-003   1.1518868176476872E-003
   1.1524929860170135E-003   1.1535735470232038E-003
   1.1541797153925301E-003   1.1552602763987203E-003
   1.1558664447680466E-003   1.1569470057742370E-003
   1.1575531741435633E-003   1.1586337351497534E-003
   1.1592399035190797E-003   1.1603204645252701E-003
   1.1609266328945964E-003   1.1620071939007865E-003
   1.1626133622701128E-003   1.1636939232763032E-003
   1.1643000916456295E-003   1.1653806526518197E-003
   1.1659868210211460E-003   1.1670673820273363E-003
   1.1676735503966624E-003   1.1687541114028528E-003
   1.1693602797721791E-003   1.1704408407783695E-003
   1.1710470091476956E-003   1.1721275701538859E-003
   1.1727337385232122E-003   1.1738142995294026E-003
   1.1744204678987287E-003   1.1755010289049191E-003
   1.1761071972742454E-003   1.1771877582804357E-003
   1.1777939266497618E-003   1.1788744876559522E-003
   1.1794806560252785E-003   1.1805612170314686E-003
   1.1811673854007949E-003   1.1822479464069853E-003
   1.1828541147763116E-003   1.1839346757825018E-003
   1.1845408441518281E-003   1.1856214051580184E-003
   1.1862275735273447E-003   1.1873081345335349E-003
   1.1879143029028612E-003   1.1889948639090516E-003
   1.1896010322783779E-003   1.1906815932845680E-003
   1.1912877616538943E-003   1.1923683226600847E-003
   1.1929744910294110E-003   1.1940550520356012E-003
   1.1946612204049275E-003   1.1957417814111178E-003
   1.1963479497804441E-003   1.1974285107866343E-003
   1.1980346791559606E-003   1.1991152401621510E-003
   1.1997214085314773E-003   1.2008019695376674E-003
   1.2014081379069937E-003   1.2024886989131841E-003
   1.2030948672825104E-003   1.2041754282887005E-003
   1.2047815966580268E-003   1.2058621576642172E-003
   1.2064683260335435E-003   1.2075488870397337E-003
   1.2081550554090600E-003   1.2092356164152504E-003
   1.2098417847845766E-003   1.2109223457907668E-003
   1.2115285141600931E-003   1.2126090751662835E-003
   1.2132152435356098E-003   1.2142958045417999E-003
   1.2149019729111262E-003   1.2159825339173166E-003
   1.2165887022866427E-003   1.2176692632928331E-003
   1.2182754316621594E-003   1.2193559926683497E-003
   1.2199621610376758E-003   1.2210427220438662E-003
   1.2216488904131925E-003   1.2227294514193829E-003
   1.2233356197887089E-003   1.2244161807948993E-003
   1.2250223491642256E-003   1.2261029101704160E-003
   1.2267090785397421E-003   1.2277896395459325E-003
   1.2283958079152587E-003   1.2294763689214489E-003
   1.2300825372907752E-003   1.2311630982969656E-003
   1.2317692666662919E-003   1.2328498276724820E-003
   1.2334559960418083E-003   1.2345365570479987E-003
   1.2351427254173250E-003   1.2362232864235152E-003
   1.2368294547928415E-003   1.2379100157990318E-003
   1.2385161841683581E-003   1.2395967451745483E-003
   1.2402029135438746E-003   1.2412834745500650E-003
   1.2418896429193913E-003   1.2429702039255814E-003
   1.2435763722949077E-003   1.2446569333010981E-003
   1.2452631016704244E-003   1.2463436626766146E-003
   1.2469498310459408E-003   1.2480303920521312E-003
   1.2486365604214575E-003   1.2497171214276477E-003
   1.2503232897969740E-003   1.2514038508031644E-003
   1.2520100191724907E-003   1.2530905801786808E-003
   1.2536967485480071E-003   1.2547773095541975E-003
   1.2553834779235238E-003   1.2564640389297139E-003
   1.2570702072990402E-003   1.2581507683052306E-003
   1.2587569366745569E-003   1.2598374976807471E-003
   1.2604436660500734E-003   1.2615242270562637E-003
   1.2621303954255900E-003   1.2632109564317802E-003
   1.2638171248011065E-003   1.2648976858072969E-003
   1.2655038541766229E-003   1.2665844151828133E-003
   1.2671905835521396E-003   1.2682711445583300E-003
   1.2688773129276561E-003   1.2699578739338465E-003
   1.2705640423031728E-003   1.2716446033093631E-003
   1.2722507716786892E-003   1.2733313326848796E-003
   1.2739375010542059E-003   1.2750180620603963E-003
   1.2756242304297223E-003   1.2767047914359127E-003
   1.2773109598052390E-003   1.2783915208114292E-003
   1.2789976891807555E-003   1.2800782501869458E-003
   1.2806844185562721E-003   1.2817649795624623E-003
   1.2823711479317886E-003   1.2834517089379790E-003
   1.2840578773073053E-003   1.2851384383134954E-003
   1.2857446066828217E-003   1.2868251676890121E-003
   1.2874313360583384E-003   1.2885118970645286E-003
   1.2891180654338549E-003   1.2901986264400452E-003
   1.2908047948093715E-003   1.2918853558155617E-003
   1.2924915241848880E-003   1.2935720851910784E-003
   1.2941782535604047E-003   1.2952588145665948E-003
   1.2958649829359211E-003   1.2969455439421115E-003
   1.2975517123114378E-003   1.2986322733176279E-003
   1.2992384416869542E-003   1.3003190026931446E-003
   1.3009251710624709E-003   1.3020057320686611E-003
   1.3026119004379874E-003   1.3036924614441777E-003
   1.3042986298135040E-003   1.3053791908196942E-003
   1.3059853591890205E-003   1.3070659201952109E-003
   1.3076720885645372E-003   1.3087526495707273E-003
   1.3093588179400536E-003   1.3104393789462440E-003
   1.3110455473155703E-003   1.3121261083217605E-003
   1.3127322766910868E-003   1.3138128376972771E-003
   1.3144190060666032E-003   1.3154995670727936E-003
   1.3161057354421199E-003   1.3171862964483103E-003
   1.3177924648176363E-003   1.3188730258238267E-003
   1.3194791941931530E-003   1.3205597551993434E-003
   1.3211659235686695E-003   1.3222464845748599E-003
   1.3228526529441861E-003   1.3239332139503765E-003
   1.3245393823197026E-003   1.3256199433258930E-003
   1.3262261116952193E-003   1.3273066727014094E-003
   1.3279128410707357E-003   1.3289934020769261E-003
   1.3295995704462524E-003   1.3306801314524426E-003
   1.3312862998217689E-003   1.3323668608279592E-003
   1.3329730291972855E-003   1.3340535902034757E-003
   1.3346597585728020E-003   1.3357403195789924E-003
   1.3363464879483187E-003   1.3374270489545088E-003
   1.3380332173238351E-003   1.3391137783300255E-003
   1.3397199466993518E-003   1.3408005077055420E-003
   1.3414066760748682E-003   1.3424872370810586E-003
   1.3430934054503849E-003   1.3441739664565751E-003
   1.3447801348259014E-003   1.3458606958320918E-003
   1.3464668642014180E-003   1.3475474252076082E-003
   1.3481535935769345E-003   1.3492341545831249E-003
   1.3498403229524512E-003   1.3509208839586413E-003
   1.3515270523279676E-003   1.3526076133341580E-003
   1.3532137817034843E-003   1.3542943427096745E-003
   1.3549005110790008E-003   1.3559810720851911E-003
   1.3565872404545174E-003   1.3576678014607076E-003
   1.3582739698300339E-003   1.3593545308362243E-003
   1.3599606992055506E-003   1.3610412602117407E-003
   1.3616474285810670E-003   1.3627279895872574E-003
   1.3633341579565837E-003   1.3644147189627739E-003
   1.3650208873321001E-003   1.3661014483382905E-003
   1.3667076167076166E-003   1.3677881777138070E-003
   1.3683943460831333E-003   1.3694749070893237E-003
   1.3700810754586497E-003   1.3711616364648401E-003
   1.3717678048341664E-003   1.3728483658403568E-003
   1.3734545342096829E-003   1.3745350952158732E-003
   1.3751412635851995E-003   1.3762218245913899E-003
   1.3768279929607160E-003   1.3779085539669064E-003
   1.3785147223362327E-003   1.3795952833424228E-003
   1.3802014517117491E-003   1.3812820127179395E-003
   1.3818881810872658E-003   1.3829687420934560E-003
   1.3835749104627823E-003   1.3846554714689726E-003
   1.3852616398382989E-003   1.3863422008444891E-003
   1.3869483692138154E-003   1.3880289302200058E-003
   1.3886350985893321E-003   1.3897156595955222E-003
   1.3903218279648485E-003   1.3914023889710389E-003
   1.3920085573403652E-003   1.3930891183465553E-003
   1.3936952867158816E-003   1.3947758477220720E-003
   1.3953820160913983E-003   1.3964625770975885E-003
   1.3970687454669148E-003   1.3981493064731051E-003
   1.3987554748424314E-003   1.3998360358486216E-003
   1.4004422042179479E-003   1.4015227652241383E-003
   1.4021289335934646E-003   1.4032094945996547E-003
   1.4038156629689810E-003   1.4048962239751714E-003
   1.4055023923444977E-003   1.4065829533506879E-003
   1.4071891217200142E-003   1.4082696827262045E-003
   1.4088758510955308E-003   1.4099564121017210E-003
   1.4105625804710473E-003   1.4116431414772377E-003
   1.4122493098465640E-003   1.4133298708527541E-003
   1.4139360392220804E-003   1.4150166002282708E-003
   1.4156227685975969E-003   1.4167033296037872E-003
   1.4173094979731135E-003   1.4183900589793039E-003
   1.4189962273486300E-003   1.4200767883548204E-003
   1.4206829567241467E-003   1.4217635177303371E-003
   1.4223696860996631E-003   1.4234502471058535E-003
   1.4240564154751798E-003   1.4251369764813702E-003
   1.4257431448506963E-003   1.4268237058568866E-003
   1.4274298742262129E-003   1.4285104352324031E-003
   1.4291166036017294E-003   1.4301971646079198E-003
   1.4308033329772461E-003   1.4318838939834362E-003
   1.4324900623527625E-003   1.4335706233589529E-003
   1.4341767917282792E-003   1.4352573527344694E-003
   1.4358635211037956E-003   1.4369440821099860E-003
   1.4375502504793123E-003   1.4386308114855025E-003
   1.4392369798548288E-003   1.4403175408610192E-003
   1.4409237092303454E-003   1.4420042702365356E-003
   1.4426104386058619E-003   1.4436909996120523E-003
   1.4442971679813786E-003   1.4453777289875687E-003
   1.4459838973568950E-003   1.4470644583630854E-003
   1.4476706267324117E-003   1.4487511877386019E-003
   1.4493573561079282E-003   1.4504379171141185E-003
   1.4510440854834448E-003   1.4521246464896350E-003
   1.4527308148589613E-003   1.4538113758651517E-003
   1.4544175442344780E-003   1.4554981052406681E-003
   1.4561042736099944E-003   1.4571848346161848E-003
   1.4577910029855111E-003   1.4588715639917013E-003
   1.4594777323610275E-003   1.4605582933672179E-003
   1.4611644617365442E-003   1.4622450227427344E-003
   1.4628511911120607E-003   1.4639317521182511E-003
   1.4645379204875771E-003   1.4656184814937675E-003
   1.4662246498630938E-003   1.4673052108692842E-003
   1.4679113792386103E-003   1.4689919402448006E-003
   1.4695981086141269E-003   1.4706786696203173E-003
   1.4712848379896434E-003   1.4723653989958338E-003
   1.4729715673651601E-003   1.4740521283713504E-003
   1.4746582967406765E-003   1.4757388577468669E-003
   1.4763450261161932E-003   1.4774255871223834E-003
   1.4780317554917096E-003   1.4791123164979000E-003
   1.4797184848672263E-003   1.4807990458734165E-003
   1.4814052142427428E-003   1.4824857752489332E-003
   1.4830919436182595E-003   1.4841725046244496E-003
   1.4847786729937759E-003   1.4858592339999663E-003
   1.4864654023692926E-003   1.4875459633754827E-003
   1.4881521317448090E-003   1.4892326927509994E-003
   1.4898388611203257E-003   1.4909194221265159E-003
   1.4915255904958422E-003   1.4926061515020325E-003
   1.4932123198713588E-003   1.4942928808775490E-003
   1.4948990492468753E-003   1.4959796102530657E-003
   1.4965857786223920E-003   1.4976663396285821E-003
   1.4982725079979084E-003   1.4993530690040988E-003
   1.4999592373734251E-003   1.5010397983796153E-003
   1.5016459667489416E-003   1.5027265277551319E-003
   1.5033326961244582E-003   1.5044132571306484E-003
   1.5050194254999747E-003   1.5060999865061651E-003
   1.5067061548754914E-003   1.5077867158816815E-003
   1.5083928842510078E-003   1.5094734452571982E-003
   1.5100796136265245E-003   1.5111601746327146E-003
   1.5117663430020409E-003   1.5128469040082313E-003
   1.5134530723775574E-003   1.5145336333837478E-003
   1.5151398017530741E-003   1.5162203627592644E-003
   1.5168265311285905E-003   1.5179070921347809E-003
   1.5185132605041072E-003   1.5195938215102976E-003
   1.5201999898796237E-003   1.5212805508858140E-003
   1.5218867192551403E-003   1.5229672802613307E-003
   1.5235734486306568E-003   1.5246540096368472E-003
   1.5252601780061735E-003   1.5263407390123636E-003
   1.5269469073816899E-003   1.5280274683878803E-003
   1.5286336367572066E-003   1.5297141977633967E-003
   1.5303203661327230E-003   1.5314009271389134E-003
   1.5320070955082397E-003   1.5330876565144299E-003
   1.5336938248837562E-003   1.5347743858899466E-003
   1.5353805542592728E-003   1.5364611152654630E-003
   1.5370672836347893E-003   1.5381478446409797E-003
   1.5387540130103060E-003   1.5398345740164961E-003
   1.5404407423858224E-003   1.5415213033920128E-003
   1.5421274717613391E-003   1.5432080327675293E-003
   1.5438142011368556E-003   1.5448947621430459E-003
   1.5455009305123722E-003   1.5465814915185624E-003
   1.5471876598878887E-003   1.5482682208940791E-003
   1.5488743892634054E-003   1.5499549502695955E-003
   1.5505611186389218E-003   1.5516416796451122E-003
   1.5522478480144385E-003   1.5533284090206287E-003
   1.5539345773899549E-003   1.5550151383961453E-003
   1.5556213067654716E-003   1.5567018677716618E-003
   1.5573080361409881E-003   1.5583885971471785E-003
   1.5589947655165047E-003   1.5600753265226949E-003
   1.5606814948920212E-003   1.5617620558982116E-003
   1.5623682242675379E-003   1.5634487852737280E-003
   1.5640549536430543E-003   1.5651355146492447E-003
   1.5657416830185708E-003   1.5668222440247612E-003
   1.5674284123940875E-003   1.5685089734002778E-003
   1.5691151417696039E-003   1.5701957027757943E-003
   1.5708018711451206E-003   1.5718824321513110E-003
   1.5724886005206370E-003   1.5735691615268274E-003
   1.5741753298961537E-003   1.5752558909023441E-003
   1.5758620592716702E-003   1.5769426202778606E-003
   1.5775487886471868E-003   1.5786293496533770E-003
   1.5792355180227033E-003   1.5803160790288937E-003
   1.5809222473982200E-003   1.5820028084044101E-003
   1.5826089767737364E-003   1.5836895377799268E-003
   1.5842957061492531E-003   1.5853762671554433E-003
   1.5859824355247696E-003   1.5870629965309599E-003
   1.5876691649002862E-003   1.5887497259064764E-003
   1.5893558942758027E-003   1.5904364552819931E-003
   1.5910426236513194E-003   1.5921231846575095E-003
   1.5927293530268358E-003   1.5938099140330262E-003
   1.5944160824023525E-003   1.5954966434085427E-003
   1.5961028117778690E-003   1.5971833727840593E-003
   1.5977895411533856E-003   1.5988701021595758E-003
   1.5994762705289021E-003   1.6005568315350925E-003
   1.6011629999044188E-003   1.6022435609106089E-003
   1.6028497292799352E-003   1.6039302902861256E-003
   1.6045364586554519E-003   1.6056170196616420E-003
   1.6062231880309683E-003   1.6073037490371587E-003
   1.6079099174064850E-003   1.6089904784126752E-003
   1.6095966467820015E-003   1.6106772077881918E-003
   1.6112833761575181E-003   1.6123639371637083E-003
   1.6129701055330346E-003   1.6140506665392250E-003
   1.6146568349085511E-003   1.6157373959147414E-003
   1.6163435642840677E-003   1.6174241252902581E-003
   1.6180302936595842E-003   1.6191108546657746E-003
   1.6197170230351009E-003   1.6207975840412912E-003
   1.6214037524106173E-003   1.6224843134168077E-003
   1.6230904817861340E-003   1.6241710427923244E-003
   1.6247772111616504E-003   1.6258577721678408E-003
   1.6264639405371671E-003   1.6275445015433573E-003
   1.6281506699126836E-003   1.6292312309188739E-003
   1.6298373992882002E-003   1.6309179602943904E-003
   1.6315241286637167E-003   1.6326046896699071E-003
   1.6332108580392334E-003   1.6342914190454235E-003
   1.6348975874147498E-003   1.6359781484209402E-003
   1.6365843167902665E-003   1.6376648777964567E-003
   1.6382710461657830E-003   1.6393516071719733E-003
   1.6399577755412996E-003   1.6410383365474898E-003
   1.6416445049168161E-003   1.6427250659230065E-003
   1.6433312342923328E-003   1.6444117952985229E-003
   1.6450179636678492E-003   1.6460985246740396E-003
   1.6467046930433659E-003   1.6477852540495560E-003
   1.6483914224188823E-003   1.6494719834250727E-003
   1.6500781517943990E-003   1.6511587128005892E-003
   1.6517648811699155E-003   1.6528454421761059E-003
   1.6534516105454321E-003   1.6545321715516223E-003
   1.6551383399209486E-003   1.6562189009271390E-003
   1.6568250692964653E-003   1.6579056303026554E-003
   1.6585117986719817E-003   1.6595923596781721E-003
   1.6601985280474984E-003   1.6612790890536886E-003
   1.6618852574230149E-003   1.6629658184292052E-003
   1.6635719867985313E-003   1.6646525478047217E-003
   1.6652587161740480E-003   1.6663392771802384E-003
   1.6669454455495644E-003   1.6680260065557548E-003
   1.6686321749250811E-003   1.6697127359312715E-003
   1.6703189043005976E-003   1.6713994653067880E-003
   1.6720056336761142E-003   1.6730861946823046E-003
   1.6736923630516307E-003   1.6747729240578211E-003
   1.6753790924271474E-003   1.6764596534333375E-003
   1.6770658218026638E-003   1.6781463828088542E-003
   1.6787525511781805E-003   1.6798331121843707E-003
   1.6804392805536970E-003   1.6815198415598873E-003
   1.6821260099292136E-003   1.6832065709354038E-003
   1.6838127393047301E-003   1.6848933003109205E-003
   1.6854994686802468E-003   1.6865800296864369E-003
   1.6871861980557632E-003   1.6882667590619536E-003
   1.6888729274312799E-003   1.6899534884374701E-003
   1.6905596568067963E-003   1.6916402178129867E-003
   1.6922463861823130E-003   1.6933269471885032E-003
   1.6939331155578295E-003   1.6950136765640199E-003
   1.6956198449333462E-003   1.6967004059395363E-003
   1.6973065743088626E-003   1.6983871353150530E-003
   1.6989933036843793E-003   1.7000738646905694E-003
   1.7006800330598957E-003   1.7017605940660861E-003
   1.7023667624354124E-003   1.7034473234416026E-003
   1.7040534918109289E-003   1.7051340528171192E-003
   1.7057402211864455E-003   1.7068207821926357E-003
   1.7074269505619620E-003   1.7085075115681524E-003
   1.7091136799374787E-003   1.7101942409436688E-003
   1.7108004093129951E-003   1.7118809703191855E-003
   1.7124871386885116E-003   1.7135676996947020E-003
   1.7141738680640283E-003   1.7152544290702186E-003
   1.7158605974395447E-003   1.7169411584457351E-003
   1.7175473268150614E-003   1.7186278878212518E-003
   1.7192340561905778E-003   1.7203146171967682E-003
   1.7209207855660945E-003   1.7220013465722849E-003
   1.7226075149416110E-003   1.7236880759478013E-003
   1.7242942443171276E-003   1.7253748053233178E-003
   1.7259809736926441E-003   1.7270615346988345E-003
   1.7276677030681608E-003   1.7287482640743509E-003
   1.7293544324436772E-003   1.7304349934498676E-003
   1.7310411618191939E-003   1.7321217228253841E-003
   1.7327278911947104E-003   1.7338084522009007E-003
   1.7344146205702270E-003   1.7354951815764172E-003
   1.7361013499457435E-003   1.7371819109519339E-003
   1.7377880793212602E-003   1.7388686403274503E-003
   1.7394748086967766E-003   1.7405553697029670E-003
   1.7411615380722933E-003   1.7422420990784834E-003
   1.7428482674478097E-003   1.7439288284540001E-003
   1.7445349968233264E-003   1.7456155578295166E-003
   1.7462217261988429E-003   1.7473022872050332E-003
   1.7479084555743595E-003   1.7489890165805497E-003
   1.7495951849498760E-003   1.7506757459560664E-003
   1.7512819143253927E-003   1.7523624753315828E-003
   1.7529686437009091E-003   1.7540492047070995E-003
   1.7546553730764258E-003   1.7557359340826160E-003
   1.7563421024519423E-003   1.7574226634581326E-003
   1.7580288318274589E-003   1.7591093928336491E-003
