   6.5553212618042478E-003   7.0845253581653944E-003
   2.0912410773558099E-003   3.9939125899494110E-003
   8.7971266433407580E-003   7.1078119265662876E-003
   1.5132497576487713E-003   1.6492475915500515E-003
   7.7668390509021412E-003   8.5941490529172215E-003
   5.5199991842961316E-003   7.1121770830205877E-003
   6.7704703255743182E-003   8.0477185215869218E-003
   4.2900439933769574E-003   6.7319421430892534E-003
   1.5748616862297782E-003   3.9157066152425424E-003
   7.6206820606528058E-004   2.6694970577864074E-003
   6.9467885164314902E-003   6.4518477908813709E-003
   2.0501579618749100E-003   7.9236909189647209E-003
   4.9404563317881900E-003   6.9540482547142402E-003
   1.9658506093089834E-005   6.9300179076942081E-003
   6.7980237129161569E-004   5.1307245281183578E-003
   4.5014850810926044E-003   8.1223270346283405E-003
   1.5625443927774763E-003   2.5146199575257766E-003
   7.1575810424128194E-003   7.8598848136579580E-004
   7.8640297426669781E-003   2.5882973709513424E-003
   9.2206907617945477E-003   4.5213820589998788E-003
   6.8410604483951643E-003   3.0080743090782347E-003
   5.5480420160002319E-003   6.1606853792243177E-003
   4.1293111228360990E-003   5.3588883206933113E-003
   5.2668855399925496E-003   2.5698651313724730E-003
   3.4044068655137982E-003   4.7212813764671013E-003
   4.1111910101865323E-004   6.9696068637464803E-003
   1.9450461995128565E-003   8.1122423930967136E-003
   5.7653216662100215E-003   2.7546039453408833E-003
   2.7120963757975014E-003   6.6309912395153825E-003
   7.2927858588468508E-003   4.5611037118232778E-003
   6.1792725533693638E-004   7.9911032850524810E-003
   8.6068169068435063E-003   3.7136032668111385E-003
   8.2225066442079831E-003   8.0917809864359258E-003
   3.7862117923724847E-003   8.6388184531686063E-003
   1.1946218529642616E-003   6.3427232945992840E-003
   3.3266566044137802E-003   5.8690072640948943E-003
   3.4218657210359771E-003   7.4620359016083215E-003
   1.0971156772500157E-003   4.6216645600184458E-003
   9.6639346482693123E-003   5.7310892899945509E-003
   7.1254421836556281E-003   7.9802135805081553E-003
   1.1580852623142013E-003   1.9461629675091574E-003
   9.2077087511915900E-003   6.4391925593404453E-003
   2.0261161962521479E-003   1.3794007398667540E-003
   2.3971071520428877E-003   9.6129929840133022E-003
   3.0670351904237281E-003   6.8111203867030623E-003
   3.4316305464104913E-003   4.4794275161285091E-003
   7.8467285947613208E-003   7.8812194383951484E-003
   9.7100754950968371E-003   5.0734111833788953E-003
   5.3454531259441440E-003   4.4695678776268677E-003
   8.0514293927934633E-003   9.1331165257036995E-003
   5.8602502347210317E-003   3.9121942087639860E-003
   1.1074473104780713E-003   1.1099898062606472E-003
   2.6658422594231235E-003   7.1551585546830720E-003
   7.9023425440646333E-003   6.2639214911534014E-003
   9.8482534617009287E-003   1.9936795807528052E-003
   3.7561056583995667E-003   6.2195492364868210E-003
   8.5902199808903790E-003   6.2743555630996317E-003
   2.4877152756798138E-003   5.3820674952057557E-003
   6.3221474666798061E-003   1.6964593629150704E-003
   7.6802776172735232E-004   1.6838495166658918E-003
   1.3720017002422091E-003   1.1836184537644678E-003
   1.1084901294361460E-003   4.8480979942459035E-003
   1.3051234695536928E-003   1.3182078694568000E-003
   8.3837501237404854E-004   6.6302133972727662E-003
   9.1553271826764204E-003   4.9659050698470653E-003
   7.1778697933758684E-003   3.3400546595149239E-003
   5.5175850396068649E-003   5.1758528095359191E-003
   9.4343400213466877E-003   5.9723001488017902E-003
   8.6699029949558470E-003   2.6151072691826815E-004
   8.0704181912530926E-003   9.3921698363924611E-003
   9.5698722903089228E-003   9.2646733392750535E-003
   8.7867852148854064E-003   6.4865970188843214E-005
   8.1152881976237490E-003   4.9273780411854817E-003
   4.0436852966962977E-004   1.2541470010224431E-003
   6.7878197638829851E-003   3.1106997312987383E-003
   1.4717065661679074E-003   9.1882821093448586E-003
   5.7456760215816027E-003   1.3841210673662951E-003
   6.5847812575514642E-004   3.8536690242586547E-003
   3.0039764730077634E-003   1.4720286054582532E-003
   3.8503838416904523E-003   1.6523284581621001E-003
   6.3043603089368849E-003   9.9181589322271391E-003
   3.8542355712819498E-003   3.6661341486624588E-003
   8.5862041941467959E-003   3.7799247995927709E-003
   1.9865488603748593E-003   8.8430859679605733E-003
   5.6976187992187066E-003   2.6344624248976212E-003
   7.5630864437706835E-003   9.7437547797719626E-003
   2.8381153927466984E-003   4.1830690022585104E-003
   6.6498386793297781E-003   7.9480785396280895E-003
   3.3171042050489374E-003   5.9636609234704485E-003
   7.3927681312079274E-003   8.8228017821695426E-003
   8.5158598560238774E-003   9.2999077710095301E-003
   3.5349527632625444E-003   7.3523474913671505E-003
   2.4905487418819261E-003   5.6723058560766981E-003
   3.1453092555452367E-003   2.1530449388927897E-003
   3.9057357142876503E-003   4.8601469212373738E-003
   9.5305229218179965E-003   4.1103135393077972E-003
   3.2265882810894597E-003   4.7120606858045422E-003
   9.9548780514068236E-003   2.0587724119823791E-003
   9.2064572526695532E-004   3.4106000343906429E-003
   9.2990316685542806E-003   8.5573394436470052E-003
   5.8239032072585628E-003   4.8692628047789510E-003
   7.2294941947647073E-003   7.6093484591249760E-003
   1.4773496858219159E-003   7.6095863829040988E-003
   5.3549883786420116E-003   2.7465997160148747E-003
   1.9922825927919385E-003   5.8166177010720022E-003
   8.1465256471046077E-003   7.1060347372512433E-003
   4.4801259750811839E-003   1.8731721335407681E-004
   9.1665169914755262E-003   2.7918518401437442E-004
   9.6566643702179489E-003   2.3890702824541643E-003
   3.9231078004992037E-003   1.0874780364663605E-003
   2.9407797854811291E-003   6.0375806641504992E-003
   9.5407434099986643E-003   2.1543432075984414E-003
   2.6525290175917204E-003   6.4976474657215677E-003
   3.4102341659710822E-003   6.8678329418839779E-003
   5.8054389335049361E-004   6.7124912509343160E-003
   6.2268761231861758E-003   1.0518459966878391E-003
   7.3201251399812595E-004   4.2915758791280956E-003
   6.8448741709176142E-003   2.7253351737343001E-003
   5.4601949229861058E-003   4.3261870645011635E-003
   5.3412207771896814E-004   4.1897409487753334E-003
   9.2080234387926785E-003   8.8723441883765686E-003
   7.3649670873482398E-003   5.6913793781790956E-003
   7.3602930386847953E-003   5.4672593241822387E-004
   7.2190159340457249E-005   7.7634969732823800E-003
   8.5139476523167223E-003   2.5282909374654272E-003
   7.4373969303965781E-003   4.6149373260025994E-003
   6.0152578720137351E-003   1.1240855050124177E-003
   3.8134694086663368E-003   1.5750569529803249E-003
   5.2614555038569266E-003   1.6838589768618517E-003
   2.3963006355859351E-003   6.5678350561292342E-003
   2.0340089581746268E-003   8.1756124540766084E-004
   4.2052144952836601E-003   1.3349599624945530E-004
   7.9484578214962243E-003   8.3555070027149236E-003
   7.9051938388142728E-003   5.8964516955558599E-003
   8.8308040662513632E-003   4.2032790704275014E-003
   6.4153700580249495E-004   1.9639314816054521E-003
   5.8382831450086714E-003   3.9930945096692261E-003
   2.6827277330759847E-003   8.2938327711074011E-003
   8.9786911034152039E-003   4.6885155029642300E-003
   2.8254362942580213E-003   2.5586136554346384E-003
   1.4145212679533836E-003   8.8592566497328606E-003
   8.5895860456652873E-004   5.2774289818365849E-003
   2.4926748884520622E-003   9.5234325820928722E-003
   5.5408588796405089E-003   4.6930069597207469E-003
   5.1353474506349306E-003   5.8584817375141318E-003
   5.6666568205986367E-003   2.2475737944666063E-003
   6.9419891007892476E-003   1.0289322055555550E-003
   5.2458013693620353E-003   3.6905962243588553E-003
   4.8110561774045157E-003   5.6876673904827646E-003
   3.3619058303785421E-003   9.5558880423297632E-003
   4.4752412108693962E-003   4.0287454131704425E-004
   4.4989068344855054E-003   4.6231522255680835E-003
   1.0470445970020004E-003   1.5220125289017172E-004
   7.3795836231024259E-003   6.4928707439010358E-003
   4.5478141975797692E-003   8.0152310447056951E-004
   5.0984979063876112E-003   8.6004017481485784E-003
   5.8803568499498082E-003   4.1814972213024548E-003
   6.2442065930256030E-003   6.1873138776348258E-003
   5.5413227143340515E-003   4.8858412154267894E-003
   3.5834604977401652E-003   2.5073807017628180E-004
   3.4591222420469192E-003   3.2009304239984937E-003
   1.3635651394824366E-003   1.7591620425495558E-003
   2.5412891891450906E-003   1.6274563780956930E-003
   4.0917125383234110E-003   2.4628358890809166E-003
   7.8955214513746208E-003   7.3540937599013700E-003
   7.4591254306789478E-003   1.6848180946830160E-003
   4.1917404544679071E-003   4.2776603309643280E-003
   1.3281134861753419E-004   2.4652587473835696E-003
   8.3463621353573325E-003   5.0745447569345847E-003
   3.2291344587431769E-004   3.7542437033729614E-003
   7.0773382411873920E-003   9.5572387045795848E-003
   9.5469580752295391E-003   4.6273715114685254E-003
   6.5247073198183569E-003   8.0956388892404751E-003
   8.1287199780312180E-003   5.4013843930544869E-004
   2.9193166393154391E-003   9.6410382998183275E-003
   7.7976143882322324E-003   3.2369162785000904E-003
   9.5121991775605208E-003   2.6074274282857912E-003
   4.9436674973207806E-003   6.8562449788530655E-003
   4.9640301347472215E-003   1.1092390833008503E-003
   1.0621039994914705E-003   2.6557766050555598E-003
   7.9153937393631191E-003   6.6381905041917877E-003
   5.6505094923385846E-003   6.9629299429300184E-003
   1.8368910179907827E-003   1.3645630173336754E-003
   5.0465418604371814E-003   7.0668598753095280E-003
   9.3200077133104298E-004   9.7223804155522897E-003
   6.2106710926587150E-003   5.3516747757363925E-003
   2.9891660147740584E-004   8.8438886261340555E-003
   9.5387220737419565E-004   2.5693258351350279E-003
   5.2997853520521110E-003   2.2238022173478589E-003
   3.6089638331323615E-003   7.0134834061563733E-004
   6.8154225273729940E-003   6.4276446583576563E-003
   1.1320622637522870E-004   1.8353374266463218E-003
   5.9163670681483538E-006   2.8664238026371303E-003
   4.2262306677981476E-003   3.5035765343475189E-003
   4.9385002357914543E-003   5.3127155890037026E-003
   4.0933109634909703E-003   9.7060276990845740E-004
   1.5602622899627550E-003   2.9002983104601254E-003
   6.5636384484143440E-003   7.4380359284437203E-003
   2.5859143834451315E-003   7.5390344106140983E-004
   7.2762015566986138E-003   4.4942133856541444E-003
   9.1121398980209545E-004   9.2922000168083052E-005
   8.3952975109670147E-003   8.6774037374227619E-003
   8.5278416992732309E-003   8.5123098547801312E-005
   6.4976315665564721E-003   8.6347906594752555E-004
   6.4801097777528183E-003   8.0307642301528093E-003
   9.1714182182168758E-003   3.3865008716408296E-003
   3.0436918893531617E-003   6.9040307042119720E-003
   6.0753418714251106E-003   9.1373052346431782E-003
   7.2621579197075237E-003   2.5265060122815486E-003
   7.7248397803708624E-004   4.0866699098521808E-003
   9.4781714641619663E-003   3.5938740466513464E-003
   7.8108014067025389E-003   5.5315965323318173E-003
   2.8504454228305276E-003   2.1378722431600883E-003
   6.9598238112943411E-003   6.4417801665060948E-003
   9.0452605482368442E-003   8.2806854005316177E-003
   4.5988945448588447E-003   2.1790907813504790E-003
   6.6722537799844828E-003   3.6221353037640958E-003
   3.6649369814075738E-003   4.7409623191362327E-003
   4.5013674034998230E-003   3.9068182610347835E-003
   8.1156047830538425E-003   7.9913171001612104E-003
   6.9062600060186830E-003   2.7836448019394888E-003
   5.3237142743945975E-003   8.9087972086679956E-003
   8.3135783265758656E-003   4.9989535200777313E-003
   9.7573249567354248E-003   5.8243371047056458E-003
   5.8744558172180161E-003   7.7996016064851847E-004
   3.0865976803940987E-003   7.5435117596137635E-003
   3.8162446543362760E-003   4.0842522509864088E-003
   4.1470407531226661E-003   4.0739939466313269E-003
   7.0492490936310270E-003   6.0694605838923499E-003
   1.9423950897453635E-003   2.3832092697287921E-003
   8.4723115700752194E-003   7.8876179556653936E-003
   1.5382651867942299E-003   7.5638683716318100E-003
   4.3757111616101740E-003   6.4034421835849065E-003
   8.9744359296296539E-003   2.2678440826272572E-003
   6.8375403083918984E-003   3.1052571651389860E-003
   8.9259610074973184E-003   9.6331038649920542E-003
   1.5769017598776802E-004   2.1938391566501680E-003
   9.0763518536881582E-003   3.2312880104629071E-003
   4.4743507186021381E-003   3.1833380028575275E-003
   1.0126858253901583E-003   9.5196300459571281E-003
   1.9057355400298182E-004   7.7586534176149469E-003
   3.4051245510288153E-003   9.3999470259286122E-003
   7.9563772033274249E-003   3.8793071034156634E-003
   5.4163504533465412E-003   1.3092868646528144E-003
   4.9432017260028216E-003   9.7593677750918983E-003
   4.6223752481618918E-003   4.8573256864928860E-003
   8.8723784029919317E-003   2.5396716146376397E-003
   9.2801833708077153E-003   3.4423851118726700E-003
   3.0789169203436773E-003   6.7271837775318977E-003
   1.4196697053207030E-003   4.8003490328399900E-003
   6.6022197259648641E-003   9.2790642595389494E-003
   4.1282850458512765E-004   7.9692757664074909E-003
   2.6151629608354154E-003   4.0123246290489911E-003
   2.2675337618517366E-003   1.4435919721128565E-003
   7.6514387459764022E-003   2.0347875519129976E-003
   7.6469447253358913E-003   3.5130524982197597E-003
   2.9145583603559233E-003   4.7606698319760943E-003
   3.1538324432239806E-003   8.1667806945860955E-003
   8.0609242882748733E-003   4.0728156044088637E-003
   5.0210532983993028E-003   5.7024477781105753E-003
   1.5407360805507198E-003   8.6494136680826950E-003
   2.1757520718940215E-003   4.2258630336448055E-003
   8.6588177006076128E-003   5.5427792390000397E-003
   7.8727815771407750E-003   1.2284284611930874E-003
   8.1848604773205880E-003   8.8587484578809272E-003
   6.1722515351066987E-003   6.8112019855237627E-005
   6.1034720518035046E-003   2.7432955334495412E-003
   1.1176704566638884E-003   6.4888785278328642E-003
   4.2951668802989618E-003   6.3648095900662449E-003
   8.6348865343802705E-003   6.7757833811865620E-004
   4.5614559710159819E-003   4.2315722848421666E-003
   8.9356890784862975E-003   9.9572072431012293E-003
   5.9133593027882458E-004   1.4292618904032661E-004
   6.8363187633383449E-003   4.2414184756492945E-003
   7.0691625196021013E-003   4.6954690545294442E-003
   5.0263157676163628E-003   4.7324715673776607E-003
   8.6337085299156291E-003   8.0754151582597133E-003
   3.2945913490883827E-003   9.7341038998198792E-003
   9.7314699314513531E-003   5.7428380838068227E-003
   9.5768547709725871E-003   4.7746991913112380E-003
   1.7106038472193275E-003   9.4761759371867482E-003
   5.9605020983649615E-003   9.6221703657107804E-003
   6.7592521496208091E-003   7.6151933737259592E-003
   1.1733245876713871E-003   4.5136434775827627E-004
   6.8172247448877732E-003   7.7845526211614002E-003
   4.4299539090691953E-003   3.2228914965720667E-003
   8.9172201739399215E-003   3.0675935821419253E-003
   4.1650441665080917E-003   2.6494911157509682E-003
   4.6521324392699848E-003   9.9488430373041448E-003
   2.5246437982847647E-003   2.8218761801335202E-004
   8.6577863459816884E-003   2.0710487804559419E-003
   8.0435824004051470E-003   4.2547043605313251E-003
   2.0539351349885271E-003   4.5688974687675410E-003
   6.7994508561902700E-003   1.5492706601161199E-004
   5.1962767497448770E-004   3.1799191173570440E-003
   3.8741520461110790E-003   8.2935131646472149E-003
   5.5219845273136725E-003   8.9345787011373412E-003
   2.9873434943078481E-003   5.1166736400974910E-003
   1.3216311229095057E-003   2.9443483365437784E-003
   6.2222835631201567E-003   4.7261339307697048E-003
   4.5066426740744125E-003   8.9278001404969887E-003
   2.6437730343583654E-003   3.2035437987060211E-003
   9.0621481256614178E-004   3.8510849447123130E-003
   9.9966395327127922E-003   9.5601534738024574E-003
   9.1218799998203925E-003   1.9517221677848307E-003
   6.0908795221957801E-003   7.6722685331974683E-003
   2.5844013087868989E-003   6.5385082899377389E-003
   7.0174295706736389E-003   2.4823390785110311E-003
   3.5312686052931808E-003   1.5864631092682435E-003
   8.2203861906634534E-003   1.9685369166938527E-003
   7.5783778867904994E-003   5.9148213672125527E-003
   1.4480005615739033E-003   9.1542090192767711E-003
   3.3100624355862918E-003   1.4401486283756038E-003
   8.1097643463948765E-003   2.3747748827640525E-004
   7.9972791144636846E-003   3.1349146588154353E-003
   6.6516327484232862E-003   2.9196435709933910E-003
   2.2387387617850418E-004   3.8681186264933887E-003
   2.3105607918644244E-003   2.7330906067072336E-003
   6.0665889813581453E-003   9.3472131848547635E-003
   1.3311391090692348E-003   9.7159644355396813E-003
   3.1024727343934577E-003   4.9094689980925255E-003
   9.5515722471596343E-003   8.8705712433280182E-003
   1.1681710253230726E-005   7.1653040846043625E-003
   4.9470871346194434E-003   8.8160574006445058E-003
   8.3737130127540249E-003   4.7188269713188680E-003
   8.2243113002927748E-003   7.1412137855179081E-003
   4.9340079867776776E-004   8.5017183298946586E-003
   6.5038908220783620E-003   5.7981966453400924E-003
   8.8517112911007390E-003   3.8813643642298112E-003
   5.3546681846617927E-003   1.2921045482826576E-003
   3.2173256876012468E-003   9.0237180114186577E-003
   5.1688721368953194E-003   7.2636889578936437E-004
   3.5298383000691436E-003   9.7903597067513504E-003
   5.7937465930705256E-003   7.3513777077701681E-003
   1.3455085712904546E-003   5.7268434826743819E-003
   2.9834537504634939E-003   5.3785636061988162E-003
   7.0704334730832263E-003   3.5621019987736036E-003
   9.0227559896801646E-003   2.0845932995771088E-003
   3.4865231280459819E-003   7.3590505719384192E-003
   8.8761217075139509E-004   1.9887544134281621E-003
   3.1018666648118254E-003   1.8530652633733657E-003
   4.3442607840665781E-003   6.5112514368689256E-003
   7.5559258174634492E-003   4.8768973641813984E-003
   8.9754698044121062E-003   3.6827574040504407E-003
   3.5707188572320359E-004   2.0120156991906279E-003
   5.3194337998582197E-003   8.9585468779959099E-003
   8.2916713341131265E-003   6.0916574282564584E-003
   3.6352756700513966E-003   5.4800544366783166E-003
   8.0347083336481662E-003   6.4011107300406822E-003
   9.7048393872992689E-003   3.2858439229154213E-003
   5.7867708400048956E-003   7.4747091644432606E-003
   8.7007046223056550E-003   8.3692751699190326E-003
   4.8418881192492380E-003   6.5544080647194081E-003
   2.2125438021504129E-003   5.9347038138601871E-004
   2.0966817005886318E-003   9.6102803127012804E-003
   7.0225597588434718E-003   2.3097786862625869E-003
   7.9176416800544880E-003   2.5309562458047941E-003
   3.8974866122069018E-003   9.3985631080529819E-003
   3.5804298009521895E-003   7.2110295068558150E-003
   9.6237366550787629E-003   2.3656245016329125E-003
   3.1026503450587439E-003   8.3633410762437022E-003
   4.1213420140328028E-003   4.3652732182229981E-003
   8.4113212721991237E-003   1.6350893107174302E-003
   3.2308279800633555E-003   2.0665823235016534E-003
   6.9359750292138367E-003   3.6608855465981582E-003
   3.3929091626194730E-004   2.8178097607837183E-003
   4.6869023811665356E-003   3.8637056742331088E-003
   9.6314611083955226E-003   8.1342327794579061E-003
   2.4162374333279724E-003   2.6744600496708681E-004
   3.5965866920176781E-003   2.6776720151518996E-003
   9.1506736762526630E-003   1.9909614622223293E-003
   8.8308159002300490E-003   5.2016845632744113E-003
   5.4022386314064308E-003   4.4761389587274492E-003
   9.2799444107224405E-003   5.0598715941790884E-003
   4.1291993046831399E-003   9.0859692537882397E-003
   6.3195723444254837E-003   8.3658575356350129E-003
   1.5793115135313007E-003   5.2546867115942364E-003
   1.8004770315861451E-003   3.0461453346343204E-003
   1.8766616926902957E-003   8.4501221775491464E-003
   9.4429979056276370E-004   1.3409213946091736E-004
   4.0157570672519904E-003   3.1913002648255029E-003
   2.8604068821691531E-004   9.2463253450282279E-003
   7.9303677914336346E-003   7.9470234026127740E-003
   7.4353841572502022E-003   6.3770895230751412E-003
   2.3600035115445284E-004   6.0867279017960962E-003
   7.4830559352866421E-003   3.1895124532804742E-003
   2.2815447376421938E-003   4.6631402478133355E-003
   4.1887679553388457E-003   7.0920801110675447E-003
   6.1019206445026564E-003   2.6126732356582805E-003
   5.7465831896174047E-003   5.6406200743496226E-003
   1.8543046810973740E-003   5.2899096674895452E-003
   8.9163557080619293E-003   8.1284841711631861E-003
   7.2516820299114437E-003   8.1952513648405612E-003
   3.0982322666227580E-003   8.2446181050521705E-004
   3.3853780567422165E-003   9.0551829627530944E-003
   5.3311398117571462E-003   8.8868474801395703E-004
   9.8601490200224129E-003   9.0936393536776849E-003
   3.3068897425488908E-003   6.1598257307654558E-003
   9.5329967267220317E-003   9.8789491935727947E-003
   6.7654280557715163E-003   2.5104383977384570E-003
   7.6878143454320869E-003   2.9820792148810282E-003
   9.7753659585052555E-003   2.7749698887130636E-003
   6.8789884292311809E-003   2.5233758005452911E-003
   7.5584244782432863E-003   7.0861284842912431E-003
   5.7641503921260773E-003   2.8749977200180910E-003
   7.5867698625938784E-003   8.8966420159851678E-003
   2.3602767420399795E-003   6.3850782295803432E-003
   7.5759203469568659E-003   1.5706427403251455E-003
   9.5044243501408721E-003   2.1165530289667389E-003
   2.8018694089703144E-003   7.4307159168401915E-003
   7.2272798277527306E-003   3.1022216767228050E-003
   3.3810701541259203E-004   4.3309606180500504E-003
   7.2111721277386964E-003   1.6698144400680848E-003
   8.1544721881495752E-003   9.3148138139506065E-003
   7.3552137261491124E-003   8.7279686474560636E-003
   9.4117486658397143E-003   1.7357815129709353E-003
   1.2697901193615690E-003   3.7750383569811197E-003
   1.4415043851604414E-003   6.9545036274868410E-003
   1.8431879853805233E-003   9.9025278009808870E-003
   9.8541565571715894E-003   8.2376727196050714E-003
   3.7387629724616733E-004   9.5366165427891447E-003
   4.9430216428251184E-003   7.8883245479567377E-003
   9.2745599328535322E-003   2.5738117784898096E-003
   3.1766327694656704E-003   9.5336361060706087E-003
   6.0703191854060146E-003   6.7860539020111466E-003
   4.4942788922571753E-003   1.0799768412540489E-003
   6.2546910465309802E-003   8.2850388724590163E-003
   4.6012834149272708E-003   1.8137937548140526E-003
   7.5361476544443251E-003   6.6641418536653729E-003
   5.1394496216218277E-003   8.4111191438337451E-003
   1.8192166250404762E-003   4.8256240055958299E-003
   8.5345953489698312E-003   7.3962546447569055E-003
   2.5941448058289795E-003   8.5963806040018076E-003
   1.2300347407178114E-003   3.9816974571150743E-003
   7.8404780939004270E-003   9.7473323906749343E-006
   2.0340264101673666E-003   5.5452523892557393E-003
   4.4162865099960369E-003   3.9198259423410819E-003
   6.1498695614504717E-003   4.1396575797091328E-003
   3.3549219217300363E-003   5.7753379710602237E-003
   6.9441356713578761E-003   2.6987238272745406E-003
   7.4671162122935675E-003   1.6056024035279171E-003
   3.9605050043051149E-003   2.5767518418534641E-003
   9.5809300597909930E-003   2.0441507650242885E-003
   5.1927649464843517E-003   9.7987248930887505E-003
   5.0141100298864982E-003   7.2103990373305615E-003
   1.5750816214356034E-003   7.3219144394508495E-003
   2.2860155790654924E-003   9.7488290995750848E-004
   1.7835105167910426E-003   1.4959408492182247E-003
   8.9657103252457349E-003   9.8769249176490215E-003
   1.5561182885722724E-003   9.8163974854118541E-003
   9.6066121972314678E-003   3.6707807822133898E-004
   7.0447518489059613E-003   7.5560148760457357E-003
   2.3512827073468578E-005   9.4491631596559378E-003
   1.2338418057357137E-003   8.7834667780545272E-003
   1.2374683056751712E-003   6.6725273881086400E-003
   5.9343517262090417E-003   5.6658530602754498E-003
   6.3464483706524577E-003   6.1881154591117982E-003
   7.8137098691523077E-003   6.2049420252278109E-003
   7.9372639998293026E-003   1.7050108542956410E-003
   1.7279914103750516E-003   3.4859250003868025E-003
   3.6079923932755831E-003   1.7403207369405260E-003
   4.2826503603576871E-004   3.7192099191651895E-004
   8.7765045853148704E-003   9.5130959120093284E-004
   9.1575080068490022E-003   9.3646772295191694E-003
   3.0447252734450148E-003   2.2906123429343728E-003
   6.9380381170965899E-003   1.2168317238564486E-003
   3.3400999711422630E-003   7.9212857012499471E-003
   8.8266401452447019E-003   8.9661536367976469E-003
   5.8024690390946487E-003   2.7437331553173960E-003
   6.3793353735622782E-003   6.0955178532994259E-003
   3.4783246188107020E-003   5.2291675677079708E-003
   7.3987024306972904E-003   6.5873906244312552E-003
   8.3932330526826915E-003   2.7391699296629435E-003
   9.0413814397997117E-003   2.4857026777028723E-003
   3.2642887140054144E-003   1.0148889725692944E-003
   9.3895188013500830E-003   9.7210778552322408E-003
   2.9256497671048542E-005   3.1191289068089878E-003
   7.4069175261749498E-003   9.1413638821838950E-003
   1.9639876914158139E-003   5.7509485510923719E-003
   5.1821421548080560E-003   6.1318094280168323E-003
   9.9723063788125232E-003   4.3450963965899758E-003
   8.7255515440632925E-003   8.7445755725891194E-003
   4.7283274346373583E-003   4.7523842253925919E-003
   9.4175772837022942E-003   7.6273463309972644E-004
   2.6365754575302658E-003   5.7955085888653501E-003
   3.7489883806759439E-003   1.0887369905898669E-004
   9.6430310945475606E-003   2.0123951590488298E-003
   4.0178479709523929E-003   4.1184844530347542E-003
   3.7679145326016128E-003   2.8209412938261513E-003
   6.7131745106573382E-003   1.5298062702473469E-004
   1.3721801185303528E-003   9.6392363920715374E-003
   1.3227364127476049E-003   8.2122395655387370E-003
   1.7254162742982304E-003   9.5155485370356230E-003
   4.8471365677337230E-003   1.5606570915661644E-003
   2.0746451200023275E-003   5.5164269236610552E-003
   4.4075437663214645E-003   3.4504599024098859E-005
   6.7965516189093522E-003   3.4961427803089640E-003
   1.5396503625541014E-003   2.9411692430635350E-003
   5.9633604545709096E-003   3.2404880519923962E-003
   8.2680410246401825E-003   7.8869843366583536E-003
   3.2113137309685014E-003   3.3250799080267734E-003
   2.7231721997922342E-005   5.1727681580709950E-003
   2.8148843180436645E-003   3.5604417825420009E-003
   8.9932621807425894E-003   2.6065644064975357E-003
   1.4187523298044846E-003   4.6189881838276658E-004
   2.3924378415086656E-003   4.1982038693549883E-003
   2.1237628238600648E-003   9.1640091677599456E-003
   1.4090367364849588E-004   9.8382170622847154E-003
   1.9113625796182143E-003   9.3359757854216685E-004
   9.0586330441347895E-003   2.7004615678930532E-003
   1.9610763724630109E-003   3.2010383771118311E-003
   2.9259437714002079E-004   5.7416984369730306E-003
   2.5698419219196689E-003   4.4865073144898515E-003
   8.9307029192792209E-003   4.4581265130193559E-003
   6.9051616104743863E-003   4.2189817725846179E-004
   1.2674549135749391E-004   1.8190531112657338E-003
   5.4932182314649802E-003   2.1272139155513736E-003
   4.8652251024797755E-003   5.9893136327874297E-003
   7.2719547161096409E-003   1.7475998547966665E-004
   1.9725528509978441E-003   6.2520235849249373E-003
   2.4652481059114217E-003   9.5770440966347348E-004
   2.3337117090005410E-004   8.1398573639389626E-003
   4.1973102589517586E-003   3.9445031787591622E-003
   1.8868470853204977E-003   4.3111408209427493E-003
   3.2478511349115502E-003   6.9409071596774341E-003
   8.4623107593860825E-003   3.3428008481536375E-003
   9.5070380411929056E-003   3.4871261206542714E-003
   6.8666664726927396E-003   5.8792554154923904E-003
   3.7207790407378649E-004   9.3315160585386581E-003
   6.3018196263614490E-003   8.0129809883014991E-003
   3.4491207185739503E-003   5.5382682168044761E-003
   1.6358946062632329E-003   2.0229044319458600E-003
   3.6989527396597000E-003   9.3463170376816285E-003
   5.1113956412639494E-003   2.7295021986394330E-003
   7.0058803526051872E-004   7.8821664165019678E-003
   5.9701358677407557E-003   1.2046437592431181E-003
   5.8988282672566283E-003   6.3109304948016920E-005
   7.9333099714361532E-003   4.6869283414240348E-003
   4.6081255003921351E-003   4.7757987866167140E-003
   2.4040950133757955E-003   9.7460834203005886E-003
   8.9838419632021216E-003   8.5777823137093145E-003
   4.1467671450309274E-003   4.9088549078385446E-003
   4.4936535183218718E-003   6.2689059847086392E-003
   7.1979507225051753E-003   6.4142687302916057E-003
   6.8019494221923660E-003   9.8723721383836560E-003
   4.9246337790164185E-003   5.7754643297475150E-003
   7.5858725973522168E-003   5.6277078116301338E-003
   1.8818083257646778E-003   2.4166015065837376E-003
   5.6154985120849821E-003   6.5582771340867430E-003
   2.7282317983973181E-003   9.5397916624521129E-003
   4.1283743095040792E-003   8.6089356153361551E-003
   3.7065023301744437E-003   9.2067808733077294E-003
   9.7701684177921022E-003   4.4076806317044914E-003
   3.0871863206803907E-003   8.7893941365296824E-003
   2.9377797105479830E-003   6.9881587832764103E-003
   7.6043303339851098E-003   8.9384637458211902E-004
   3.7112737309356048E-003   2.6330596390781169E-003
   5.6097028001801386E-003   8.4336466393705178E-003
   7.5936195358471403E-003   8.1144619867848933E-003
   4.3765494813795547E-003   2.5155159579103303E-003
   3.7658985687373248E-003   4.1870999890879501E-003
   8.3157398323366882E-003   7.1966225609065848E-004
   4.2237095818006276E-003   2.9396284234907144E-003
   4.6407734454702032E-003   8.6388662747022282E-003
   1.1658640040012047E-003   7.3942485138634995E-003
   3.2202492834413343E-003   7.4942166159208679E-004
   1.6196409753163055E-003   1.0982921560754866E-003
   7.8436052075115947E-003   1.4267854447730377E-003
   4.5853265460904513E-004   8.0443478040038707E-003
   3.5032228319387126E-004   9.9826097027552185E-003
   5.0277601074452116E-003   2.3859660205688416E-003
   9.0720024892559925E-003   5.8290172030300846E-003
   7.6138540115816555E-003   5.6691058773822300E-003
   6.8255583466293457E-003   2.2394734029452801E-003
   6.9798692481047864E-003   8.5209953731696375E-003
   8.4625591912407261E-003   3.5419496566303499E-003
   5.5830313180121882E-003   5.1373016006700523E-003
   4.5389158724284950E-004   3.7658402918329115E-003
   4.5989393626270081E-003   3.4815314296937627E-003
   5.7257739431392229E-003   2.8189333423264129E-003
   9.3188427187650413E-003   9.6108951618144589E-003
   5.7030226604574130E-003   1.5244428227755291E-003
   8.7057317783404420E-003   8.0897424435474319E-003
   4.9568794455793208E-003   3.5963092841025945E-003
   2.2007654885366490E-003   9.9931030495511441E-003
   8.9181695030439156E-003   4.1319071778765926E-003
   3.5028033781007162E-003   6.3030261611732863E-003
   7.9600740919912871E-003   7.7139208583695273E-003
   2.2535465326215531E-003   1.5922578496841977E-003
   8.9799347836538868E-004   6.1828650817860042E-003
   5.2623270992161464E-003   2.4770772703174293E-003
   8.1431670060062578E-003   5.2243538179012061E-003
   8.8115637488782594E-003   3.1728624789219007E-003
   6.6691359437313080E-003   6.8381433861687269E-003
   4.2195662008445156E-003   3.3851258238210002E-003
   6.7298133216897593E-004   3.2631872226379643E-003
   8.6669254667096629E-003   7.0974859896054676E-003
   1.2743396888125202E-003   7.1284118902278371E-003
   5.9423388071603300E-003   7.6170332908553906E-004
   1.5918826773775319E-004   9.6390830149214457E-003
   5.1739221581480477E-003   9.8655158491635087E-003
   5.4441028693917870E-003   3.1807731755967295E-003
   4.5235163807221257E-003   7.8274187677630502E-003
   9.5825316912502290E-003   4.3904750710456186E-003
   6.1034805384433399E-003   8.9478268587847021E-003
   6.3022211008069151E-003   2.6780263039694052E-004
   5.1053722066318752E-004   7.8795863958277534E-003
   8.8908587066615086E-003   2.4314130627111075E-003
   7.5479426254639881E-003   2.1801834144091758E-003
   6.7867751382605368E-003   7.5628905522627798E-003
   5.3720017538602116E-003   5.2604009262401386E-003
   3.8467138955577962E-004   5.2844592023025827E-003
   1.2023369693950903E-003   3.6709108678995017E-003
   1.2500177937372348E-003   7.2612220005462413E-003
   6.6625021649121541E-003   7.7447805021074734E-003
   5.0743853871250133E-003   6.1967899952927175E-003
   5.9198144630804306E-003   2.0365376825041137E-003
   1.0029487246260294E-003   7.1239550906397886E-003
   9.2980675711616945E-003   7.3570271593094150E-003
   9.8476279759934782E-003   2.2035774097034500E-003
   9.2935820381512269E-004   2.6912525582688529E-003
   3.5101144621724201E-003   7.2842789896310212E-004
   4.0253922039134027E-003   3.8293800642555942E-003
   4.7699998582967362E-003   7.9641968565672405E-003
   2.6436385476332758E-003   2.2496660842373783E-003
   6.8840626513652081E-003   6.6071928467020813E-003
   4.9540728448965732E-003   1.3517263649146516E-003
   2.3812482024468951E-003   2.1698779744591112E-003
   1.2719744271286748E-003   4.9019725058963015E-004
   8.2810725407268526E-003   8.9125673708055908E-003
   3.4251356525405452E-004   3.9079804195607526E-004
   5.2182399475876329E-003   3.4725270583170209E-003
   2.4207638536374310E-003   5.7244575677922738E-003
   3.1208710069762224E-003   9.0190380749551879E-003
   9.4372004981148061E-003   5.4075045159721613E-003
   6.1616974188333229E-003   3.4451133300328340E-004
   4.3794462456493433E-003   3.6887848831695935E-003
   7.5428579986990263E-003   8.0909792346820497E-003
   7.9749011230304534E-003   4.3351756727473267E-003
   6.4668039342208328E-004   1.3183268261018899E-004
   1.9556596195443587E-003   8.7531801792209984E-003
   8.6035061807748781E-003   3.4310718454265698E-003
   6.3436120479006819E-003   2.3049995074514440E-003
   7.9315603697597270E-003   7.7259668016284033E-003
   7.3419631151377951E-003   4.3195457174273200E-003
   1.2852753279418705E-003   9.0459320066950122E-003
   7.6177500204163140E-003   7.6086603069475123E-003
   7.7650731982633614E-003   4.7691771698169516E-003
   5.0002079226686424E-003   3.8032778788156252E-003
   6.5361123383834707E-003   3.4784595586823119E-004
   7.6119651265967869E-003   8.6733149261047915E-003
   1.4402328705011014E-003   7.8449185853010084E-003
   7.3573945622479320E-003   5.0090932458061177E-003
   2.3491989517899770E-003   9.5372569220421033E-003
   7.3695525152371877E-003   4.4261041535654799E-003
   9.3375479995206900E-003   8.6730838638536811E-003
   3.8071998433025778E-003   8.9932832961346909E-003
   1.5759421686112329E-004   6.4118313015709694E-003
   8.9143407491357740E-003   6.6511050492464863E-003
   8.7160773325211105E-003   7.8044692094266788E-003
   6.5640624073420861E-003   6.2411514335761753E-003
   3.0231738111262674E-003   9.2583298353720034E-003
   9.9250634639188595E-003   5.1037345252736843E-003
   9.7864329105029624E-003   7.7804821396879609E-003
   8.5837233374940203E-003   4.4420330286337739E-003
   9.1523036746316011E-003   1.3959382849476620E-003
   1.8269296359577636E-003   6.3091472170287988E-003
   8.0521587961580599E-003   7.8501190276293320E-003
   3.6935973359674135E-003   8.3257911627884207E-003
   1.1927512712398558E-003   8.1269167395271458E-003
   5.6012278426819107E-003   1.5089271816493000E-004
   6.5839736788156911E-003   1.4921318954430607E-004
   2.7146106662624403E-003   8.8704232749902134E-003
   9.5585265881873438E-003   6.2175973470327550E-003
   9.4693503388075806E-003   2.6056886236655030E-003
   5.5146229260395474E-003   2.6125950845864443E-003
   5.4216757580919372E-003   5.3045682569531349E-003
   5.2900321923338156E-003   5.8375881467921387E-003
   4.4855794533046334E-003   5.9357111485890401E-003
   4.1447160260078553E-003   2.5514281760704582E-003
   8.6600664923176529E-003   8.6867312746295999E-003
   8.1720962789481044E-003   8.7675707794437896E-003
   5.5987071164721458E-003   3.7352554216486533E-003
   1.1554047733769446E-003   7.2351265480942173E-003
   8.8084813669561113E-003   3.6198156098173895E-003
   8.1422707606583211E-003   6.9079241667638902E-003
   9.2715866576257300E-003   6.7984982850147757E-003
   3.2297924557467272E-004   9.5983469107957520E-003
   4.3600337245847109E-003   9.6338268755279399E-003
   5.3818664040382602E-003   5.3367643069112125E-003
   5.7381583386258983E-003   7.4414703532358351E-003
   5.3599334209600835E-003   5.0114173705860798E-003
   3.7820356766663510E-003   5.0388963155064692E-003
   5.5032771679900394E-003   1.2522196839215294E-004
   8.3774779066171368E-003   1.5595719060580437E-003
   6.9530714807505278E-003   3.7289402859016496E-003
   3.7860705060460687E-003   3.8182014346549442E-003
   5.2944967717257763E-003   6.4042366095978798E-003
   2.1065823052557331E-004   9.6117025140874945E-003
   5.7053736699841373E-005   4.9808746211680299E-003
   5.0061005751337317E-003   4.5715821763739894E-003
   5.3459366697502508E-003   1.6459085455698963E-003
   4.6288008252438617E-003   9.3905542926754348E-003
   7.8149443974279142E-003   7.3587237447542142E-003
   7.6215428382685468E-003   8.9225610797504240E-003
   5.6462141327801030E-003   8.7267405899628114E-003
   2.6121894580521943E-004   8.4428055756363696E-003
   2.2160587518814667E-003   1.2162270322241264E-003
   2.6350308752226548E-003   8.5591440819351439E-003
   9.9954871360130593E-004   8.6939778819156155E-003
   3.2752859234196352E-003   9.4616921368660956E-003
   6.1849920760587151E-003   5.9023835766506272E-003
   9.0183398402560178E-003   7.9960072773549440E-003
   2.4401564140286158E-004   2.0835560051636337E-003
   8.5888966743926654E-003   8.2161293595414131E-003
   8.8891755613879075E-003   6.9914673202443600E-003
   7.5481610220429207E-004   5.2637927592108502E-003
   6.2264265797481455E-003   3.4789791316425234E-004
   4.7173823802781900E-004   2.4280038332932241E-003
   6.1944113967193903E-004   1.2785127532116691E-003
   7.7200963299183245E-003   4.1803740321847416E-003
   7.1478492586812825E-003   2.2572643318808927E-003
   3.9343767118388273E-003   1.3617787729746089E-003
   3.9093888083964190E-003   7.6365752303743095E-003
   8.4416167604354220E-003   5.5458596949381489E-003
   1.2686258023287822E-003   1.7967818113605594E-003
   5.9477158123689700E-003   8.6024059531323305E-003
   7.2263811285834256E-003   3.0686919955668079E-003
   8.1563271519091707E-005   4.6042465271400879E-005
   9.4604525528173555E-003   6.5340677599347030E-003
   5.3656380955990901E-004   6.7961342454447848E-004
   7.4837192488140802E-003   4.4721130193973169E-003
   1.9845864110147327E-003   8.8927110902300432E-003
   9.8792569415721010E-003   8.1490249910695089E-003
   1.5870166696801968E-003   3.6732343930999667E-003
   7.0383450363139533E-003   2.5073967964618360E-003
   8.6330189657376488E-003   5.2582683420360210E-003
   8.1938446387820330E-003   2.4886831016811550E-003
   9.1856603058039221E-003   9.1308066479466321E-003
   5.0521875212899969E-003   9.9063535223019583E-003
   5.1606067248034515E-003   2.4833495158882446E-004
   2.1635089351168535E-004   8.0255699549047765E-004
   7.7770226554642052E-003   8.8965151909458084E-003
   5.6760967491420455E-004   9.9613164840682833E-003
   6.4851846632562049E-003   4.0249487805495976E-003
   2.4126410384973651E-003   9.7104981552681435E-003
   4.2053602934081225E-003   6.4002525064873472E-003
   3.4713160589633363E-003   6.1011155338076550E-003
   2.6554749047630333E-003   9.7327230325131575E-003
   9.5973526776450546E-003   1.7141857348766942E-003
   8.0627536233491837E-003   2.7820564647832446E-003
   9.1248586631620388E-004   2.6624159475352460E-004
   8.1274465611175239E-003   6.7447275694493269E-003
   4.0144912256477872E-003   4.7222830629466417E-003
   7.3895295278215700E-003   3.0413356990651730E-003
   6.0337565346412214E-003   8.6824123394514396E-003
   6.1995002073044203E-003   3.9865765200496339E-003
   6.2390985046237857E-003   5.0937982567541562E-003
   8.9530352131504953E-003   2.7281911055322405E-003
   9.4235049778602642E-003   4.7242245108892744E-003
   9.8053295243406557E-003   6.5784571691263061E-005
   1.1392824995474227E-003   8.4133532965681157E-003
   1.5508354957122217E-003   6.4086686950048932E-004
   2.6670875418012274E-003   7.5506906798074036E-003
   9.3047612548472491E-003   7.0738877839296999E-003
   4.6305551484093765E-004   5.3000452278696430E-003
   1.4644377575893097E-003   4.1626231360670785E-003
   7.3265280445443670E-003   7.7587683135982299E-004
   9.7729479877110004E-003   7.0273787425721990E-003
   9.2013404694343270E-003   5.0347605943540374E-003
   4.0996493575947701E-003   2.8920308331902289E-003
   5.2320782099323226E-003   3.2781299332124147E-003
   7.0189823562206710E-003   1.6970330980584647E-003
   7.5287651575427494E-003   6.1125452075782016E-003
   5.0126461977918479E-003   5.5044385691035425E-003
   8.1742630161252272E-005   2.8677113221610151E-003
   4.2220139867711337E-003   8.8478875493011033E-003
   5.3755606723970839E-004   7.9357132194145530E-003
   8.9267578928912128E-003   8.6863294570159733E-003
   8.1372702008131181E-004   6.8491761578181043E-003
   8.1711480950784621E-003   6.6656147395682819E-004
   5.4986966251561187E-003   5.3028667525217843E-003
   9.7111002093815957E-003   1.2240079765702960E-003
   9.2315185552224177E-003   7.3125626377489317E-003
   9.0573580612506310E-003   2.7670341384339325E-003
   4.6441255292183348E-003   2.4844586595188511E-003
   9.0140334932053978E-004   7.9616490181374511E-003
   8.7065193452363632E-003   4.9865329939070557E-003
   2.4520990846484958E-003   1.7243134947436678E-003
   8.5899809381554393E-003   5.6496165023521838E-003
   5.4806242468766753E-003   7.0616216118927211E-003
   5.9843523832722179E-003   9.9234736257231004E-003
   4.6172002143819446E-003   4.9972130520686830E-003
   8.4147663305867981E-003   2.1285964684684133E-003
   7.6069426104264926E-003   1.4639059576654345E-003
   4.6205631790842139E-003   5.9252798722021494E-003
   6.8707414654457510E-003   7.6028377046833961E-003
   6.3431407354853642E-003   7.8850643282802890E-003
   9.6543226564685947E-003   6.9897387897340790E-003
   5.4389714707864245E-003   4.3801325363926891E-003
   9.2480532649258373E-003   1.0901426569617234E-003
   5.1455407881565440E-003   5.5078108937859360E-003
   4.6923577921352821E-003   1.6284395827969034E-003
   9.1509604823439838E-003   5.9275791629455066E-003
   3.9814045880948168E-004   6.8954317995252312E-003
   6.4372318574534848E-004   8.4260881395766818E-003
   4.2650356929901934E-003   1.6795632431165775E-004
   1.2043282424935020E-003   7.5728179275486029E-003
   3.1669184702646236E-003   3.8866177451032380E-003
   6.9088604529177200E-004   8.4995584463073426E-003
   8.8648748857600435E-004   9.6859675822192903E-003
   5.4224230421594521E-003   5.3015638047476665E-003
   5.2910065464663036E-003   8.1488180470993266E-003
   4.0251735570159264E-003   5.1320352495428656E-003
   8.0378586551989040E-003   2.9742120402184158E-003
   9.2825320517401222E-003   6.8813419551120303E-003
   7.3415576805414551E-003   5.7728446785377807E-003
   5.2793066482482720E-003   6.4372390748423935E-004
   8.6515132690297980E-003   9.7760687175642014E-003
   8.2960945221993709E-003   1.5310667181089865E-004
   7.5036663549249427E-003   2.4316804380860590E-003
   8.1264538225822580E-004   3.3267407638785107E-003
   7.7031376351096581E-003   6.1613867472588568E-003
   1.1052352694062018E-003   3.6712432834965503E-003
   3.3236260009464891E-003   7.9977275362786981E-003
   4.4709371323813363E-003   4.7557936461174455E-003
   9.6720561745849976E-003   5.3466782192242990E-003
   2.2963023818888262E-003   1.7697004313771414E-003
   4.6683688370151577E-003   7.8685314463544653E-004
   5.5486083161041533E-003   1.1993297355551436E-003
   2.1264722964409177E-004   8.1612988236973161E-003
   5.9524840654702205E-003   2.9870150941478935E-003
   2.5197980595658143E-003   2.5560215057792712E-003
   1.3447288859081974E-003   3.2967395864457183E-003
   1.2722180141987449E-003   2.8695204093610593E-003
   1.2775666252212714E-003   8.2273410886235521E-004
   1.2951978057523794E-003   4.3765146749449313E-003
   5.4550692651312849E-003   5.4121022021152987E-003
   6.9994090251485064E-003   5.6468618791386538E-003
   1.9733728274254903E-003   9.5515862378026117E-004
   1.3504076495196582E-004   1.5232470577158930E-003
   7.0483805529161225E-003   4.9746648812397654E-003
   4.5229328237307298E-003   3.9029323342750777E-003
   8.8039251777952687E-003   1.6869666510218595E-003
   8.3648444040840264E-004   3.2527148015707441E-003
   1.7304667673748719E-003   6.7720317443670242E-003
   5.3313203535098053E-003   1.1264496840424076E-004
   2.9470132028533991E-003   1.6726347310599410E-003
   4.8849906004705401E-003   4.9912825328213284E-004
   2.7253267455530361E-003   7.1479034330165225E-003
   9.2264017570137247E-003   2.9964537465098084E-003
   9.1028599871417759E-003   5.8979668409386843E-004
   4.2402746833326566E-003   2.1289444706572569E-003
   4.5477238725150082E-003   2.6636470814541680E-003
   2.3031641685459237E-003   5.6299556902750236E-004
   2.6841876755338001E-003   1.7954250427306695E-003
   6.7407193279922506E-004   2.6699076884006967E-004
   1.0936396810269366E-003   3.1157378421858839E-003
   1.9878595952090850E-003   3.1437686794767439E-003
   2.1255157289420401E-003   8.6826514090546647E-003
   2.7289811032057409E-003   7.2531461243837692E-003
   1.9313018573682283E-003   3.2567942186533250E-003
   2.7956982011001497E-004   3.6138158750559368E-003
   2.6813978261365223E-003   6.6551651142388035E-004
   1.3511461452661022E-003   8.0350418983491378E-003
   3.2858835746120141E-003   9.3984775047352143E-003
   3.8908454833860295E-003   6.7249040872005006E-003
   1.4023857803547868E-003   3.7620030670998394E-003
   1.1027747508628449E-003   7.6890434971202959E-003
   6.3349006891501025E-003   2.7685115044843167E-003
   9.9668489073617694E-003   3.6844934972931620E-003
   8.6871725122704690E-003   9.6949963955329510E-003
   6.0745998855996630E-003   8.0739129118995168E-003
   2.0554136629968855E-004   5.2289018949472910E-003
   9.4861194321055331E-003   6.8772936910682647E-003
   8.9676015504492890E-003   3.6479277769977392E-003
   3.4996527576526271E-003   6.6643206527315924E-003
   9.8850104855520149E-003   4.9858739948765995E-003
   5.4574336238532029E-003   8.5674683401458784E-003
   9.1863239388819684E-003   3.3717119015127528E-003
   1.6891866790790244E-003   7.2796184873712422E-003
   3.6405513333918060E-003   4.5705512453527719E-003
   6.6907023044698866E-003   5.5435225841872215E-003
   5.9386812606257999E-003   7.1504681046031804E-003
   1.5134015179364413E-003   2.7531792798013432E-003
   2.6927580852688093E-003   1.1472296134144022E-003
   3.8015576415656449E-003   2.7156353473395400E-003
   9.3334699536712362E-003   4.9728735991362294E-003
   6.1022019968918206E-003   7.1799944863483178E-003
   4.7474876174616876E-003   1.6150544366430042E-003
   5.0522267004399213E-003   3.0775489219553309E-003
   9.3529169219149777E-003   6.1940251704505345E-003
   8.7301660668100967E-003   8.7990818278027572E-004
   8.2131367139589573E-003   6.2622291568018573E-003
   5.5601354369250178E-004   4.6840837301967975E-003
   1.6671869126269057E-003   6.4902914555383662E-003
   8.2278483844789863E-003   1.2531523011981571E-003
   6.4293916745689073E-003   1.9153006074906775E-003
   4.7057518027308065E-003   2.4336950509632471E-003
   8.6417884557049574E-003   1.1703013465321765E-003
   7.7748739304878134E-003   9.9885316040527750E-003
   4.2424202854706161E-003   5.3511921180170452E-003
   6.8487817232897319E-003   5.5583906709821829E-004
   1.8898479939414292E-003   1.5176275663343342E-003
   7.3288475624230243E-003   3.7644864537181855E-003
   3.0663168983530165E-003   3.2474101530127752E-003
   7.7539554093114527E-003   1.2364179379239504E-003
   2.8324339673168053E-003   8.3821933561456508E-004
   2.3345489886948956E-003   7.2040540197791936E-003
   1.8546016950088395E-003   2.3561173841374350E-003
   6.2111188255876693E-003   6.3043945870416840E-003
   8.8496322108323477E-003   2.7548614706921493E-003
   8.5221667345690699E-003   5.6402031091623561E-003
   7.2578614565786959E-003   2.4939294850884197E-003
   8.9705488973749192E-003   9.1708418288616311E-004
   8.7452686720849160E-003   2.2010822050338996E-003
   9.1087534210273491E-003   6.8955617151510440E-003
   8.7698714392180355E-003   6.0729803406308625E-003
   2.6475690974973043E-003   6.8312886269342732E-003
   8.4315737710579652E-003   1.0131519089314756E-003
   2.5181833510712348E-004   4.2131236165764419E-003
   6.6595994144899029E-003   5.7344038328455138E-004
   3.3659885495959108E-003   8.7901706396545931E-003
   5.6128984245024105E-003   8.1223036560230666E-003
   3.9231898215054128E-003   6.0487156424521293E-003
   9.5422258079350675E-003   4.4914975951112490E-003
   7.6365334111742067E-003   9.6112405876068729E-003
   4.0604592148463237E-004   1.8506443745541779E-003
   1.6671273108107565E-003   4.9422082156743707E-003
   8.6979546124988927E-003   6.2635769359055127E-003
   3.7264291642179481E-003   4.9146127153628649E-003
   7.1120322066050567E-003   4.1433039415074147E-003
   5.1528409578239787E-003   8.0374506759505193E-003
   7.5405868029575496E-003   2.0732519166574148E-003
   7.5924074728054292E-003   5.2811839173362296E-003
   3.6394016828770193E-003   1.5792971209938056E-004
   3.6799982333924897E-003   4.7757986278530451E-003
   1.7967079256969720E-003   6.9567158349340685E-003
   4.3247888591165795E-003   8.1621866937312548E-003
   7.1712916990943620E-003   4.3659897072457765E-003
   4.1539621775771307E-003   3.5481017348463206E-003
   3.1462673814318665E-003   1.2965354538130303E-004
   8.9857573553647763E-003   7.3738058443747478E-003
   5.2314226010198306E-003   2.9340494741857404E-003
   9.9919789405796822E-003   6.3880438051812094E-003
   3.2738055772353336E-003   4.2941532775443436E-003
   9.2563323631494887E-003   7.6660994097655921E-003
   3.3247765282183872E-003   7.5491441193827891E-003
   3.2633318290052893E-003   8.4926450197053693E-004
   1.8896299094012248E-003   1.8790094651192080E-003
   3.3944668772095676E-003   2.1498683877710922E-003
   5.1259812093112922E-003   9.3618737864932244E-003
   3.9466414459964350E-003   9.6732441100636501E-003
   6.0893458100498288E-003   3.1893632722389542E-003
   6.3753642399345667E-003   2.4986994735270995E-003
   7.1502369254229370E-003   3.9011248997914416E-003
   1.8293677282478216E-003   6.1176709399968221E-004
   9.1902046633539625E-003   7.2594690449304666E-003
   5.4141576635883260E-003   5.4697520390850629E-003
   7.9191429971506855E-003   9.4793306218073914E-003
   6.9168977509553864E-003   9.8759036621404173E-003
   4.2699306938412951E-003   3.4246707147201905E-003
   4.6088098626752005E-003   7.6207494976637813E-003
   4.6393887795636024E-003   1.2152721211008410E-003
   7.8525907515193394E-003   2.9710612927879021E-003
   7.0851866987270418E-003   2.1262930416104942E-003
   4.1036363759069383E-003   1.3766742270270305E-003
   9.9162379571863246E-003   1.6620446115315213E-003
   8.7516923119467238E-003   6.9632287995047282E-004
   1.6060399240963585E-003   1.3019435189999262E-003
   3.4020729030964647E-003   6.0381876968995662E-005
   5.0404839426615444E-003   5.6377678282043542E-003
   5.0206058825293942E-003   3.6608609464300335E-003
   3.6126685821659121E-003   3.1301293508313455E-003
   1.3413479494540637E-003   9.9327203251803331E-003
   2.3642228480141858E-003   8.2622964783202191E-003
   3.6104803032980248E-003   6.8472692550848313E-003
   9.1113293649570659E-003   4.0755808133619009E-004
   7.7616561166345965E-003   2.7605533035742758E-003
   3.4632090884826328E-003   8.1436647620153346E-003
   3.2564194311851535E-003   8.4053373167425338E-004
   5.6876896013807743E-003   4.8723747182134458E-003
   8.5164337638300447E-003   2.6689723342255833E-003
   9.8583279869383089E-003   5.8763828168187926E-003
   5.3631456458215210E-003   6.6348218352926258E-003
   5.2655921400758254E-003   9.9825843476467613E-003
   3.7609128118759605E-003   8.4388101714195640E-003
   5.7755398621065490E-003   4.7767668510446670E-003
   4.1879842783313359E-003   5.8520670765286331E-003
   7.1810592759867786E-003   8.1206405290225048E-003
   9.1762535545653057E-003   1.7068786556232451E-003
   8.8594753786289671E-003   4.3830438827957563E-003
   8.6944601795547749E-003   9.6976786783548041E-003
   1.4144135984782702E-003   4.5488631971725146E-003
   3.0853819936432769E-003   5.9591222847211744E-003
   2.5605031954519797E-003   2.4683888388982167E-003
   6.2965278983778683E-003   3.3594415036274361E-003
   8.3189464061858009E-003   6.0241200894081137E-003
   6.8537729654324364E-003   9.0674803917966118E-003
   4.3485239310959711E-003   1.2541106596782869E-003
