   9.2089502183762147E-004   8.3061428779299101E-003
   8.0451639406593344E-003   4.2983596233177740E-003
   2.0744046206001214E-004   8.3469720596200652E-003
   3.8701095636329195E-003   1.9596046777253994E-003
   6.9574131662759062E-003   5.4592085096329488E-003
   2.5678025570548151E-003   6.6545824551277714E-003
   3.2018749058255343E-003   4.7804005466310310E-003
   9.4327065206285133E-003   5.1978589059775036E-003
   7.9096891022798089E-003   5.8631110032382940E-003
   2.2215424115869880E-003   4.2797531952521546E-004
   5.0764950015938356E-003   2.9191318912986349E-003
   9.6796141051126716E-003   9.9667930090645302E-003
   9.2800273603201033E-003   7.7684456518704289E-003
   8.6025572421972434E-003   6.6458750547123491E-003
   7.8235613218618372E-003   1.7125997700321487E-004
   8.1163481846993554E-003   9.2708552299397323E-004
   6.2965271092469462E-003   6.5658246197578610E-003
   1.5926375061239291E-003   2.3377696063079730E-003
   1.8624532976478586E-003   3.7930170091767875E-003
   8.5151842834964315E-003   4.9598375358431779E-003
   1.5291715979246290E-003   2.1033599051196875E-003
   2.1604304211961249E-003   9.0087102768051947E-003
   2.4163364444004078E-003   5.9528881711665951E-004
   5.0191492796964705E-003   2.5802650500928357E-003
   3.2312008567299700E-003   5.9781386544826157E-003
   6.9404710116518992E-003   4.1115875375045408E-003
   6.4519774198774143E-003   9.3648666559554943E-003
   5.3297635192655788E-003   6.2802974163928523E-003
   1.5645436949862836E-003   6.9851493495447330E-003
   5.8715143268329622E-003   6.2264194741036838E-003
   3.0141836046307271E-004   5.4380749377599333E-003
   1.8838387922774250E-003   5.6901769739064285E-003
   5.5528753462959430E-003   2.2750161598785856E-004
   2.5708130572786618E-003   6.4414031833603062E-003
   5.6933485929357578E-003   8.3674583623034220E-004
   9.6537866674614083E-003   1.1037020017875833E-003
   2.4795639340204952E-003   8.0795381255818251E-003
   6.2995990767607465E-003   5.5154715690368186E-003
   9.1830263888384341E-003   7.0967818643417127E-003
   3.8629034552084764E-003   2.4083051841744712E-003
   4.6182293466377209E-003   8.3812447303818743E-003
   5.5683557901384101E-003   3.3308812432600566E-003
   8.9806225192642876E-004   4.3173669857519527E-003
   6.1237281216884633E-003   5.5168233837545027E-003
   8.4129571953848736E-003   5.5182976673908059E-003
   1.5786369338532150E-003   9.0357693885619612E-003
   6.2173199868841653E-003   5.2872425901178471E-003
   3.6375969665300087E-004   4.7995769441125805E-003
   5.3890142614902064E-003   6.1477446025925428E-003
   6.9825775022537345E-003   6.5754139826518553E-003
   3.0683940290791886E-003   9.4281793615911998E-003
   8.8948048692638077E-003   6.9150207596435313E-003
   2.2435472357289622E-003   1.2993849819988874E-003
   9.4652799933521454E-003   5.0169569463548048E-003
   2.4443706508932499E-003   6.3846833102333750E-003
   7.8443167767693837E-003   9.2626106968441094E-003
   3.9860634151781277E-003   7.1933311443744836E-003
   6.1466372600508098E-003   3.3809407629915239E-003
   3.1653009369807788E-003   7.3701641556667931E-003
   4.8277918271849825E-003   8.4814941550053168E-003
   6.0307150734731536E-003   9.0859588277926485E-003
   9.7635332540439140E-003   5.8120396015290355E-003
   1.1497768578817029E-003   9.5433872237537937E-003
   6.4887432411726300E-004   3.1260084375394548E-003
   6.5330360115193930E-003   5.8537046452302975E-003
   3.0982331387224764E-003   7.0307124438838626E-003
   4.3143462409797806E-003   2.6414101024351132E-003
   6.4640031226277364E-003   8.6334287229149730E-003
   2.7002068249044040E-003   2.9483623816391278E-003
   1.5849163763154840E-003   6.7307422900249915E-003
   4.8687495313904944E-003   8.1182587929620690E-003
   1.7421352685159702E-003   4.0216748621415693E-003
   8.6362827609462126E-003   8.0039538480359846E-004
   4.2981188764321240E-003   9.3787359117431263E-003
   5.5593280147571717E-003   8.9766690549332034E-003
   1.5541343025649592E-003   9.2787384098762353E-003
   2.4362127307971070E-003   4.8034302912668466E-003
   7.8456145747777140E-003   8.8088624220382713E-003
   8.1601738967747306E-003   7.5705079397049308E-003
   5.6192870278001239E-003   2.3935590881824305E-003
   5.4677347678075243E-003   4.7956830844263004E-003
   3.2061007820098201E-003   9.3439891977906177E-003
   3.7634060735643872E-003   9.6171456433912488E-003
   4.8085306793491031E-003   7.4930661392831549E-003
   1.1449358431365974E-003   4.8133321128847693E-003
   9.2632710045498189E-003   4.7745681390047858E-003
   4.8604062781019168E-003   8.0975783095218138E-003
   2.7518016299008402E-003   9.7235334151068390E-003
   7.5088576448656885E-003   1.3034087611843873E-003
   5.0270389788909997E-003   1.0202671405953668E-003
   7.2197951410057932E-003   1.6772127718092933E-003
   3.4915721060203258E-003   2.2150967280450727E-003
   9.5606106377954646E-003   6.9547863709529803E-003
   5.1672011637907481E-004   4.6258233509146717E-003
   1.3895547023925719E-003   3.3819382094694016E-003
   5.3356988380363676E-003   4.6371254160241810E-003
   4.1355718877797813E-003   9.7889504441008666E-003
   3.2610092327282807E-003   4.3691787889083749E-003
   9.0138507117581788E-003   6.5139993124241008E-003
   2.5467039097783642E-003   5.8509707478112405E-003
   2.8080213828049700E-004   8.8578751351953838E-003
   2.8824619962286493E-004   3.2148333281347683E-003
   5.8037093867565085E-003   2.1637924956920524E-003
   9.8497094632357869E-004   1.8739420929336651E-004
   9.1877393467294701E-003   2.2202283154335936E-003
   5.1608267264258243E-003   8.7560815777425107E-003
   9.0399081860854796E-003   7.4699753930186738E-004
   9.3740280761262541E-003   5.0423746020730464E-003
   9.4246207780319356E-003   7.5520300341546673E-003
   1.7045601279030368E-003   9.8887239628884585E-003
   4.1700573657499898E-003   2.0181620502929026E-003
   6.0508819325132677E-004   9.6039874523896670E-003
   9.1970306863994478E-003   2.9379474012823530E-003
   6.2865563697584699E-003   5.1333485195102866E-003
   2.7058981371605294E-003   6.1190454317811161E-003
   5.0769234099783582E-003   5.1098410063934703E-003
   4.5454311205751410E-003   1.8866141335510715E-003
   6.2500345549779176E-003   8.6098290088632273E-003
   6.1801993316878559E-003   9.3643986663615331E-003
   4.5302165693278506E-003   6.1445324710311987E-003
   7.5021316332286835E-003   1.9939369531320117E-003
   6.6102477752651313E-003   7.2974734973616307E-003
   4.8036058455722432E-003   4.8165777720588160E-003
   5.4901791762049217E-003   9.3895476355168725E-005
   1.9310051584295021E-003   2.7014445526066444E-003
   9.7066122152407713E-003   8.7442966218778378E-003
   9.0386718553671017E-004   9.6511463679611435E-003
   1.2598349718655622E-003   9.2205493753871638E-003
   2.5505293172553784E-003   3.3596064911035851E-004
   3.1088958508842142E-003   6.7062913471396509E-003
   6.5691266239476980E-003   9.7302757248889076E-003
   8.7113804224465876E-003   1.5304018750462690E-003
   4.1199247371963808E-003   9.2272665394597074E-003
   4.8819645330691547E-003   5.4273949961305577E-003
   7.1838493492379085E-003   7.0869666557232692E-003
   7.3484545607811098E-003   2.7121705947034855E-003
   1.1236877185868508E-003   5.2206940041951344E-003
   2.9213107204629626E-003   8.1508322656856994E-003
   9.9881831603069720E-003   4.6885525829571083E-003
   6.3275839231571110E-003   7.9343640282444495E-003
   8.9086080011486109E-003   6.5959822417218155E-003
   5.2705593431697038E-003   7.7885822429268536E-003
   1.3357792055866584E-003   3.7309746275334503E-003
   5.3860931682335649E-003   8.8339750696131841E-003
   5.4570622767587482E-003   4.7541982516433106E-003
   6.7603238889762775E-003   2.6158154954276122E-003
   3.7332009541491051E-003   2.1679238426349705E-003
   6.2376270099718254E-003   6.1068637324994727E-004
   5.6027295093996122E-004   2.0309677356998286E-004
   4.8844004072641960E-003   6.2904157705094737E-003
   3.0891103684385821E-003   7.1885995600319465E-003
   1.9105472610846848E-003   2.0328029068339632E-003
   2.2996109921017715E-003   9.7013558306271938E-003
   3.6862678843020778E-004   5.2040983015690457E-003
   6.3312817394413435E-003   1.2808530597392717E-003
   3.1733242809648273E-003   9.1568226968668509E-003
   8.3176661321509946E-003   9.5336143903125142E-003
   4.2612557319278155E-003   2.3789154376736448E-003
   7.4098259245091239E-003   9.9763944791519989E-003
   8.7500764097785937E-003   4.1640675646085609E-003
   2.5311252114042291E-004   3.9573013800928841E-004
   1.7739683397924380E-003   9.3713901049324259E-003
   3.7164390104433703E-003   5.4063857558213106E-003
   6.7554609881506590E-003   8.3518573121874867E-003
   3.2335319571353180E-003   7.8983926251057508E-003
   7.7922111413405333E-003   4.9798768036905102E-003
   9.4143068461745544E-004   6.6034980149024623E-003
   1.5517543077244211E-003   4.0891692061392447E-003
   5.0249206856940506E-003   9.8678399854655562E-003
   7.4373977293434547E-003   3.4363707543520121E-004
   5.7505499598339898E-003   1.5694615438438307E-003
   6.6972165399683719E-003   3.4452229754278543E-003
   4.9483054340576310E-003   4.6023093185398305E-003
   7.1803927455006133E-003   5.7867211316650364E-003
   9.9005932034461723E-003   8.7721110362429695E-003
   1.0988339786878014E-003   3.1931749559907128E-003
   4.2685712707548271E-003   6.0739344945521722E-003
   7.3064132627595280E-003   6.6454261572311754E-003
   6.7484648929668897E-003   9.7274440385994709E-003
   2.2805114287326633E-003   8.4033245259911397E-003
   2.4722022947260189E-003   3.0352920307942163E-003
   4.3804389445020065E-003   9.2222704595058547E-003
   6.5114824131650307E-003   3.1205918654429688E-003
   8.0216312818329923E-003   5.5807274792253631E-003
   4.8578251175851678E-004   7.1053002062743996E-003
   6.7955488370710746E-004   3.6391504125851907E-003
   3.5910918394062167E-003   5.9441057992838820E-003
   9.1678192881717441E-003   9.8480545030199245E-003
   3.6520808952171732E-003   7.3033385012780030E-003
   7.3033501428101909E-003   5.3530493776095334E-003
   1.3267844921568336E-003   4.4850772267603679E-003
   1.5273289762098943E-003   4.2447238248981183E-003
   4.8876502573898294E-003   8.8743376586932401E-003
   3.2922718689275309E-004   4.6496791786745564E-003
   5.7458668042653554E-003   4.9422271572715729E-003
   5.2116075554916675E-003   2.7982876649118439E-003
   4.9196016066333286E-003   4.1709514354220370E-003
   3.5867900604320646E-003   5.6363092761655851E-003
   5.4783090043246324E-003   4.2234202866551565E-003
   4.7343205682627487E-003   6.7528304675374320E-003
   3.7411307002143614E-003   3.8053742627638274E-003
   8.1997262352144929E-003   9.2641823036895051E-003
   2.0692544067600995E-004   8.3563616538217117E-003
   7.8973267264186072E-003   5.5609531726506321E-003
   5.0823213556233432E-003   2.2245896990525488E-004
   4.5953514075816387E-003   8.5881836752352229E-003
   8.8034137193129455E-003   1.3324278413003440E-003
   2.9553598738067599E-003   1.7853998587398789E-003
   7.2154258411449498E-003   2.6780986239565998E-003
   7.9425247423083167E-003   5.6264251496765880E-003
   4.2454805244903455E-003   5.7807485599912466E-003
   2.9529677717727459E-004   1.4556692919953118E-003
   4.1625471805047934E-003   8.3769708910849741E-003
   4.2036585529351880E-003   2.1085822964592754E-003
   4.6095941237218651E-003   3.7706936727141468E-003
   7.8670159018910564E-003   9.9792215088285608E-003
   2.4468568165073438E-003   7.7769462986741894E-003
   5.8534587760704845E-003   7.5444481370711925E-003
   3.9023635927133093E-003   5.0044981786070853E-003
   7.6697259245765053E-003   4.0401760507562086E-003
   3.3471086078077131E-003   9.6802944362537439E-003
   4.2603546773364561E-003   2.8464975780092636E-003
   6.7635481277310977E-003   2.5119762879386434E-003
   9.0977679980442719E-003   7.3824180324480026E-003
   6.5209609486725929E-003   7.7690561338183729E-003
   5.9816036401230859E-003   2.5277924735694159E-003
   2.7824980219744604E-003   1.4355438768097869E-003
   8.9816390578549531E-003   3.4666582958151858E-003
   3.4737493859016101E-004   8.7700742337713366E-003
   1.1214674455679336E-003   3.1762113809474797E-003
   1.0236906823812475E-003   5.3301951872791143E-003
   2.7194782172886090E-003   6.5867104598259134E-003
   7.0911697145044665E-003   7.2893202338783630E-003
   9.6231028482425505E-003   6.6116950505467577E-003
   9.1383112637038865E-003   1.7461082906211299E-003
   5.4400353717804122E-003   4.5853145441903335E-003
   4.8099672444211171E-003   7.8835729546302812E-003
   3.6445530148430509E-003   4.5004957376515936E-003
   4.9212183826236140E-003   3.6891680228007808E-003
   3.8469592127236348E-003   2.5444352079855444E-003
   2.8407527147050727E-004   6.4878710575810962E-003
   3.8811969588888797E-003   3.3894809910047247E-003
   2.5302567531029960E-003   6.6825398275081717E-003
   5.2049383545317400E-004   9.1010588263632074E-003
   9.9458703817547622E-003   3.1092087752694307E-003
   6.5141869739229730E-004   2.9453118345445545E-003
   4.9273250647482118E-003   4.2685056125132863E-003
   5.8230562162692925E-003   2.1922695460693305E-003
   7.2445995208083652E-003   6.0305711841353079E-003
   2.2899149927729347E-003   9.4159632033742786E-003
   6.9201570036449269E-003   8.8214501779626357E-004
   9.5126861750672968E-003   9.8630446055266285E-003
   2.8743851011965357E-003   3.9986250940703908E-003
   9.5836836889310207E-003   2.0394660541971522E-004
   1.5167240060478095E-003   6.6938810081658331E-003
   3.7650498579093489E-003   6.1958609177711703E-004
   5.9725591009354958E-003   4.8228842228757608E-003
   6.8617742540602452E-003   6.2815384037241051E-003
   6.6521805742067192E-003   3.6472659575041691E-003
   5.1419064426524129E-004   6.3639665052126941E-003
   3.9922352898829781E-004   1.9083432862108309E-003
   6.8011651778599087E-003   6.7174276368308014E-003
   2.1007303158290360E-003   1.7441459939555014E-003
   6.9082151199263593E-003   6.9898255201940544E-003
   4.9349209316703127E-003   2.6942482230692395E-003
   2.7051717055519911E-003   6.1636129422875186E-003
   9.0477191885224174E-003   5.7199765023402760E-003
   2.6895571512587169E-003   7.6977005264245446E-003
   4.8102848254192084E-003   8.6251292417874239E-003
   2.8854869319524089E-003   2.9358053593597400E-003
   9.5971012532697526E-003   2.1527092913876797E-003
   6.6210031540230863E-003   2.6626051415980820E-003
   1.0406575170534931E-003   3.1397864237147320E-004
   4.1889864970878635E-003   3.8225320185639581E-003
   9.2499065255978643E-003   2.1956921565326362E-003
   3.8199466670956216E-003   6.4029330417527510E-003
   2.3100529808132227E-003   2.1113948906359239E-003
   7.0654568295299338E-003   8.1439777315333375E-003
   6.2553477502685726E-003   9.4608999832816888E-003
   9.3460190153429375E-003   4.9406308703779387E-003
   3.7315697426589067E-003   3.3472520314842707E-003
   9.9146319599424638E-004   3.3769705348540894E-003
   7.5156837736795115E-003   4.8682838701029699E-004
   3.0875494718027997E-003   5.6362352360208685E-003
   3.3014486559207780E-003   3.6276285553479702E-003
   8.1909247712189919E-003   3.3156806618513915E-004
   3.2016402125366219E-004   4.3837600408046318E-003
   9.6617438875426283E-003   7.9374369270808244E-003
   2.0492030317192911E-004   8.1217847802312042E-003
   8.5536660666361754E-003   7.5661609915858886E-003
   7.6574650628759827E-003   3.1354748658535422E-003
   9.3144364698391578E-004   1.3110907754446803E-003
   7.7656377143066552E-003   2.5477167230787299E-003
   8.7182675528890766E-003   6.6182520271363910E-003
   7.4909869616343579E-003   6.7467624352996998E-003
   1.5896838165771606E-003   7.7747362702035982E-003
   8.5933287668010817E-003   8.8694766205127708E-003
   8.7155634577924211E-003   5.3291288229306826E-003
   6.8485839324298244E-003   9.4685172706230163E-003
   8.4257507735983235E-003   1.9095004545103295E-003
   6.5465429828253313E-003   5.5864732738521291E-003
   3.1738630510744935E-003   1.3313912792743143E-003
   6.4144628152318596E-003   4.6518538168872957E-003
   7.2846757281965933E-003   2.9893368496509906E-003
   4.5811040348285367E-003   1.5012202791409661E-003
   7.7073881438502055E-004   6.4672301553502821E-003
   4.4213924577559309E-003   9.5728775530927249E-003
   9.6630305096800581E-003   6.9291763971229903E-003
   1.2769084429726510E-004   5.5200429658964481E-003
   9.4321672848575594E-003   5.5017904404093465E-003
   2.9561230926570124E-003   8.5745025466077516E-003
   2.0764954397811067E-004   6.5048872523498199E-003
   5.4180682662027272E-003   4.6149250141414465E-003
   3.9770747553450406E-003   4.8216288000445945E-003
   5.0559379183947751E-003   9.3531259379131381E-003
   5.3577045935009164E-003   6.6272090220019265E-003
   9.1581498315362955E-003   4.5386715813254342E-003
   2.4381605919628221E-003   5.6560053516440121E-003
   4.5854514486088661E-003   7.2555993717422704E-003
   1.7301365741203244E-004   3.3716266059184573E-003
   3.6942763271249255E-003   5.1029804186443709E-003
   2.1816338422622691E-003   8.7634474079885741E-003
   9.9836695054469956E-003   1.4227768412897255E-003
   7.8570540099670433E-003   9.2037939509394557E-003
   3.6275619657838540E-004   1.4202995232400948E-003
   7.8757549672740304E-003   6.8170344488774591E-003
   2.3852754395386555E-003   3.3605252408238713E-003
   9.9087618337519289E-003   7.3423101600922228E-003
   5.2200243832636736E-003   4.3041259070411911E-004
   7.5004641001580582E-003   1.1045993310886432E-003
   1.4655571437746087E-004   1.0740365838045425E-003
   2.2339331927867297E-003   1.8661445946740660E-003
   5.1487963670626266E-003   8.2794572265257396E-003
   6.2576215743355553E-003   7.6832296362534308E-003
   2.5799851876590332E-003   7.2922660071832440E-003
   5.1847626479271623E-003   4.1006742995701147E-003
   8.0576422661811312E-003   4.4689863009699559E-003
   4.2833872159399964E-003   5.2251145267976050E-003
   6.0113612590410566E-003   1.5689260333631775E-003
   9.5134601041271631E-006   4.4328165261227712E-003
   2.3243655461465782E-003   4.0920083430092818E-003
   5.1395376236827751E-003   1.8369825565428392E-004
   3.8263569603796850E-003   9.0984934983302339E-003
   7.5956285035217314E-003   1.4644069603944230E-004
   6.1185718542517030E-003   4.8140641324287579E-003
   3.5047852450538360E-003   9.5215430527560152E-003
   1.2026773771283577E-003   8.2293553316171077E-003
   2.6285657671413225E-003   1.5511335812281508E-003
   1.6487520195770785E-003   7.3187626001046798E-003
   6.4430199593505915E-003   2.1135746511228267E-003
   6.3354754849967898E-004   5.1324768015800402E-004
   8.2487231158878301E-003   9.8333228425277978E-003
   1.0717343543990209E-003   6.6890958727752305E-003
   3.7445686775001551E-004   3.8265683706042212E-003
   3.1459173202262806E-003   9.7726704598277204E-004
   6.6915215024219458E-003   3.6193621361718339E-003
   3.6517158167677539E-005   1.3483176014145453E-004
   2.1192515278790386E-003   1.8624668018251969E-003
   7.0301024275972054E-004   6.1316685779633324E-003
   3.1268694452600879E-003   7.5556240079717825E-003
   5.3941784451688544E-003   2.8443895293606396E-003
   4.3512401191290653E-003   1.1383928363855895E-003
   1.5737903311726592E-003   6.1055151774108019E-003
   4.3788999339467380E-003   9.7490232483246481E-003
   2.4584573705021561E-003   1.6030771665289426E-003
   2.0027826549498286E-003   3.6486820334795315E-003
   9.1043324252145057E-003   8.4740640635015737E-003
   7.7431132121678035E-003   4.2607225497536001E-003
   3.2117036186213158E-003   2.0900727259414611E-003
   9.5622828274789656E-003   7.6886708883981553E-003
   6.2456685147460871E-003   8.7287277023907414E-003
   6.3740825310228781E-003   1.7897309743751450E-003
   1.6751750380150858E-003   5.1388470479933764E-004
   5.8147087720291264E-003   9.1079059099349689E-003
   2.9513989588950758E-003   5.7382155236500388E-003
   4.5215170851543160E-003   3.7450855615293074E-003
   8.6212512145849192E-003   4.0398519505000915E-003
   8.1996498667633397E-003   4.2371358742179050E-004
   2.9066987349217286E-003   2.1666153344170264E-003
   1.3950048021017596E-004   7.3286327567550508E-003
   6.3379528030464210E-003   7.2262785431119981E-003
   2.5594374176857236E-003   3.1528114355880823E-003
   2.8788228532666449E-003   9.3943551226492762E-003
   7.9450150988739985E-004   9.8407268569994377E-004
   7.3915785212961861E-003   3.6684307286834490E-003
   9.6338372722425680E-003   6.3504078455038403E-003
   9.4282836697196053E-003   1.9323891037760252E-003
   4.9066771775980837E-003   8.1182015166237024E-003
   2.2953376184661582E-004   5.3767357046607582E-003
   7.1508088182428891E-003   7.5563434546610077E-003
   6.8654939564249916E-003   5.2486066730919323E-003
   1.2409114284631384E-003   7.2804656844960829E-003
   2.6967516181509717E-004   3.4870151446606103E-003
   8.8673583273158208E-003   4.3562548255344181E-003
   3.3182450585617896E-003   9.6826865382877575E-003
   3.1015295549768626E-003   8.2148518451558667E-004
   9.0564466123732017E-003   2.1786009902966213E-003
   2.5057042960569750E-003   5.8274399516300484E-003
   6.4283902786804320E-003   2.2277804101946672E-003
   9.0196430725136972E-003   7.9992590509351622E-003
   3.2499819077784113E-003   2.7877702390718137E-003
   3.3147581868408055E-003   9.1861221050778975E-003
   5.8762854923849394E-003   8.0840569027159637E-003
   4.2102588360245618E-003   7.4711777304630623E-003
   9.0929064942025153E-003   2.2320253784917413E-003
   6.2675587862113299E-004   9.5758643045909080E-003
   8.5100885520270515E-003   8.1238783933799148E-003
   7.7948402649698966E-003   7.8803333490529721E-003
   5.9601776329615049E-003   9.1249821750097829E-003
   8.0624423027329337E-003   8.1619103477159095E-003
   4.4629303759256985E-004   4.4715139104386393E-003
   5.2581182705509098E-003   6.8779932367047268E-003
   6.6834241182931811E-003   2.3895637143354696E-003
   3.2142531141705127E-003   6.1210431187045961E-004
   9.3024978457496021E-003   4.3543200028847533E-003
   2.8391783138919523E-003   6.8739457087935631E-003
   9.2724203175271018E-003   6.2814448058053128E-003
   7.2518126141521205E-003   8.3320126907583392E-003
   8.9594442439076697E-004   7.2051929343515978E-003
   8.9392606210612052E-003   9.1728088488675693E-003
   4.4644572792874914E-003   1.2053977703700763E-003
   4.4402419610136386E-003   4.7070905588134614E-005
   4.7041089295894413E-003   8.0257910341144500E-003
   8.4029692264287591E-003   1.0995357302481009E-003
   3.5959268005545842E-003   1.2225937103957840E-004
   1.7739366748248863E-003   5.3191138456198921E-003
   8.0008264668289704E-003   8.0793728158247528E-003
   1.8811817289708097E-003   5.3408760602310654E-003
   3.6886138858686266E-003   4.8292465530472093E-003
   2.9039345695189827E-003   4.9186367564455777E-003
   4.2162295450532015E-003   7.2788433205703473E-003
   6.1285682051109933E-004   1.1991229845206826E-003
   5.4070791254784353E-003   2.6102187124128541E-003
   5.5861519675637376E-003   4.6750376954092822E-003
   9.1494177510726346E-003   7.8354771285483044E-003
   3.4045428053497070E-004   7.2616068680126256E-003
   1.5012249357538414E-003   1.1181738232812722E-004
   1.1440739040933894E-003   3.5497029328484570E-003
   1.4618672437322639E-003   1.5529245145399703E-003
   1.2961779727117056E-003   9.8197134257386031E-003
   1.1561885481496288E-003   2.7544242342721786E-003
   5.3893155443432350E-003   1.7265081413679328E-003
   3.5828198322946300E-003   8.8046207133702092E-003
   6.1278520180507810E-003   7.7720335720908055E-003
   2.8653219355574445E-003   7.6712062618095457E-004
   3.9166552032887259E-003   5.3466511915189457E-003
   5.4049533817008850E-003   4.7102747506975549E-003
   5.2658212395691410E-003   2.3977570246894644E-003
   9.1163599906099770E-003   7.0829591746828331E-003
   8.3593619094972319E-003   5.9946626452704252E-004
   1.9772746609418071E-003   6.7161680230480468E-003
   6.5046101838837425E-003   6.2358584284018066E-003
   5.9503424009076985E-003   7.4047320556848923E-003
   8.7901772972150596E-003   9.1853500386631821E-003
   4.4103912098381630E-003   5.7057375114903499E-003
   3.9655785094786337E-003   7.2267474640285356E-003
   4.0934043955492810E-003   9.5719862773884033E-003
   7.4625648592890077E-003   6.0048964833863527E-003
   1.2723938567901002E-003   5.9260390726505029E-003
   8.4276176097000093E-003   4.8806923464316376E-003
   5.0794919976403438E-003   6.3697868056454632E-003
   7.7117751388399748E-003   3.6540506424634022E-003
   6.3051534845983397E-003   5.4320381048284646E-003
   2.5493730802784551E-003   6.5324436903616617E-003
   2.9428401044303740E-003   1.9119223588667448E-003
   8.9754373808277020E-003   2.8919787159617893E-003
   4.2773350161860397E-003   3.4725563616829721E-003
   4.3501877246192597E-003   2.4320324894189986E-004
   8.9194406796802954E-003   4.5112180544581350E-003
   3.0334135531603422E-003   2.7664708917804395E-003
   7.0363264563662589E-003   3.3517321587315445E-004
   7.5876899098920123E-003   9.4026140912448122E-004
   9.6813058525702482E-003   5.6138173703168598E-003
   8.6262533481355069E-003   7.7650952189066893E-003
   8.7510733905951828E-003   9.9386796401528081E-003
   6.0833948692695216E-003   5.7568540823444980E-003
   6.6696126045052021E-003   1.9169892193362998E-003
   7.0623368989035191E-003   4.8601692565065670E-003
   3.7824739719659437E-003   1.0426980448154258E-003
   2.2340826700600249E-003   7.7433120495375768E-003
   9.9632935644887819E-003   7.2136903215263464E-003
   3.1127408161353044E-004   4.5421677662721687E-003
   4.7048819273267321E-003   2.8331028310736189E-003
   1.2275562627369334E-003   2.5240550760757437E-003
   5.2574770549579887E-003   8.6472188162837263E-003
   5.0539663085033965E-003   1.2707156135098616E-003
   5.3950906756311144E-003   3.2509053141115724E-003
   8.0086775161366339E-003   9.0288869147323470E-003
   7.8937411345046671E-004   6.5583479621253663E-003
   3.9469962957999652E-004   4.1079390813167855E-003
   8.6045917163624398E-003   1.3828738599004568E-003
   7.1315513956973107E-003   5.0531732873307419E-003
   3.5688779333461441E-003   2.5470135745345678E-004
   7.9694376364208008E-003   3.4643788838127532E-003
   1.6475347809714893E-003   9.6410317391348224E-003
   8.3933863827927915E-003   6.0179205639371283E-003
   3.6167884262356853E-003   3.8568899053413840E-003
   9.9713401915372071E-004   9.9394936160834011E-004
   4.1720764730926964E-003   2.3253308619956164E-004
   1.8673609019570802E-003   2.3271730180490636E-003
   8.3987466098734854E-003   7.3826359619305641E-003
   6.1706472216968644E-003   9.6055502116705986E-003
   8.8034900877641004E-003   9.0772979935059787E-003
   4.6528875849456003E-004   7.1123312260547335E-003
   1.0999576193745982E-003   4.8147775255212456E-003
   9.6719539769328910E-003   3.4100501813972605E-003
   8.5926614741760592E-004   5.1995734708381695E-003
   8.0908807032233476E-003   7.2752637822531461E-004
   4.1044270638862751E-004   5.1172459521876866E-003
   5.5527184184420474E-003   3.9673615265485651E-003
   3.9864690061595610E-003   5.8458652374548210E-004
   3.8811587746633027E-003   9.7380913839387202E-003
   9.7940983296344510E-003   3.6072488890994568E-003
   2.5496208120834181E-003   6.6173090630291540E-003
   8.5197933989203511E-003   9.3317735052349856E-003
   4.4827242402745056E-003   3.6627659591207122E-003
   1.7845677220190725E-004   9.5420437909392846E-003
   8.6177899542347475E-003   6.1603300302104699E-003
   2.7666138497957093E-003   4.1197431292942458E-003
   6.0085374889935076E-003   4.8992969118521069E-004
   5.3778118478962278E-003   1.1251093824976633E-003
   3.4068087131748017E-003   4.6029631069875150E-003
   3.3636530876921737E-004   3.2494082130721811E-003
   7.2667514939171972E-003   5.1807770529672401E-003
   2.8029237886904386E-003   9.5279794230721804E-003
   1.8655615867420852E-003   6.5676625848597207E-003
   3.1884387150353001E-004   8.0331075042640362E-003
   5.7935672839142232E-003   8.2973241844667700E-003
   7.8910598568111001E-003   6.7158355408887547E-003
   3.8272752444386835E-003   7.0062028276762943E-003
   9.0743508232172358E-003   9.1902716128110292E-003
   8.2761491687391650E-003   3.2361089267004791E-003
   3.0964994817490221E-003   7.4978005175934176E-003
   7.4859047343423151E-003   5.5418517466363738E-003
   7.3982034844337977E-003   2.2065346139513585E-003
   9.9473171913751022E-003   9.9233300471321360E-003
   6.2794480502044074E-003   3.7932535651108499E-003
   4.1607311014834475E-003   2.0294319847735725E-003
   9.2526851265005232E-004   3.7987669947551410E-004
   9.9708372773466801E-003   5.8454573181669495E-003
   6.2718279688953552E-003   7.7299126459890568E-003
   9.9744540685668837E-003   4.2794165221412741E-003
   4.2644771767149110E-003   7.9787047617038264E-003
   5.3328047531344021E-003   9.7423223823971689E-003
   2.9687602086778545E-003   9.1520114844441461E-003
   3.4473650173504674E-004   9.4143860085934335E-004
   7.1154115754717088E-003   2.5922223006338918E-003
   9.2085781550074828E-003   8.3870212586536173E-003
   3.2791742138933272E-003   6.8393466094691987E-003
   1.3837791054434046E-003   6.3738729834434916E-003
   9.9005592101721832E-003   4.7125811710546639E-003
   2.6244162594081912E-003   6.4704734862178906E-003
   9.2219924597172036E-003   6.3079227722752478E-003
   8.3908760027917462E-003   6.4164567768650394E-003
   6.9210585238975745E-004   3.0264249085571733E-003
   5.6620729182204569E-003   5.3241243610736562E-004
   2.1994812424292235E-003   4.0032826382682112E-003
   1.9460688354196347E-003   4.4276313876861857E-003
   1.7411136076511413E-003   1.6119638465400617E-003
   3.7811310048127228E-003   3.2574585654109060E-003
   2.5024269719153770E-003   1.5184367082633249E-003
   6.1319777770582487E-003   7.5836665963678000E-005
   9.7348610915871624E-003   2.3256158467035814E-003
   5.1053185039690316E-003   9.3326573303587068E-003
   9.2093194877772219E-003   5.9513673214015399E-003
   2.4686981935373967E-003   8.5147912653697616E-003
   5.5360803406387946E-003   8.5206525439958328E-003
   9.0394578916204432E-003   7.7183381690263458E-003
   5.8012316030455905E-003   9.4908787913112330E-003
   9.0068941977838497E-003   7.3616625775404566E-004
   9.4401277645677923E-003   6.3052549987590197E-003
   3.4844479539824875E-003   2.0382185476078740E-003
   4.3389229124127533E-003   5.3222854646492214E-003
   2.5974996400054077E-003   9.1706304853645289E-003
   6.8912180172704248E-003   1.3091042643921004E-003
   2.1153716380313838E-003   9.9922614218631110E-003
   8.0770324021936547E-003   6.9296457837008151E-003
   4.1804974918162904E-004   4.2221075874856245E-003
   7.4535580386657077E-003   6.2868273846278097E-003
   5.9560309191960988E-003   5.8238063966034939E-003
   3.9718560892957524E-003   4.7166291646271149E-003
   6.9100889409473582E-003   5.6118425007964682E-003
   1.4707068919533430E-003   9.2603359414545530E-003
   9.9368682177443379E-003   8.9441356290802989E-003
   9.8535930783737423E-003   4.8150261886487837E-004
   6.8034916216523815E-003   9.8144793928668268E-003
   7.4722785537467704E-003   3.5712462866544941E-003
   3.9852368663927714E-003   3.4907832757992592E-003
   7.6796617394684170E-003   1.6443044886199313E-003
   8.5248085709869904E-003   3.1328704222724170E-003
   3.1440397739149815E-003   5.9624016312707223E-004
   1.8583340578984162E-003   5.8563663651497880E-003
   6.1068381211286590E-003   1.5998147435485454E-003
   7.9286885484720990E-003   2.2604744891917680E-003
   7.1119125965572487E-003   7.3310458135470028E-003
   3.0328868902441521E-003   7.6420162840010672E-003
   3.1403591870983872E-003   6.3958168059567999E-003
   1.6524135142808843E-003   3.8308776001589736E-003
   6.5654618696148800E-003   9.8115429327876973E-003
   5.7816798825662957E-003   6.1920699692294325E-003
   6.6591184617295482E-003   3.5049067826498797E-004
   5.0548622408205937E-003   6.1332066571960255E-003
   2.0860554660139864E-004   4.1362452340015423E-003
   4.7225160546240010E-003   3.3718789943362956E-003
   5.7430830810885330E-003   1.5501524328953365E-003
   1.3260962447738723E-003   3.7426911311888560E-003
   6.3214544236294247E-004   5.5971089776591905E-004
   4.9563874513639077E-003   8.8713211048726554E-003
   9.2346058270123821E-003   9.5398956954199335E-004
   9.2950589066813968E-003   2.1225120882142857E-003
   5.8699497049068796E-003   6.6223340139828319E-003
   4.9334913515176118E-003   2.2336235280305257E-003
   5.4037584948370973E-003   2.4681082006861028E-003
   4.3675135841441870E-003   8.7874480564088791E-003
   6.8833297150597585E-003   1.0284171444496220E-003
   5.6257657732934532E-004   1.1119740088991700E-003
   3.1109172865333582E-003   1.9487366089358631E-004
   4.3921531198509748E-003   5.6741754550832212E-003
   4.1628945638252863E-003   4.3942104114192589E-003
   7.4205733870251912E-003   3.4691882335903070E-003
   7.0316246743461234E-003   6.4136125177208392E-003
   7.6257274521634574E-003   5.2070985572445667E-003
   9.9971424834789449E-003   9.2850271655642563E-003
   8.0098221115813689E-003   5.5717011008279867E-003
   4.9709910550019666E-003   6.4673470363334510E-003
   4.6853069237830615E-004   6.5819262557578863E-003
   9.4470148950102813E-003   7.3298066888609001E-003
   4.5996368884107268E-003   9.6637462310789832E-003
   7.8908838368444163E-003   5.4716989423482208E-003
   2.1528475927900747E-003   9.0954471421872494E-003
   2.3971870552735343E-003   3.3793612399042406E-003
   4.7438005007541745E-003   4.9309330084039522E-003
   3.6233211884383679E-003   4.8688519768737499E-004
   1.4800275682844350E-003   9.3660075261099308E-003
   5.7410118196816236E-003   1.9049160191346500E-003
   5.5683190028966963E-003   7.5250389089458808E-003
   7.8405602871629218E-003   8.0382647030233702E-003
   1.1759544728211847E-003   5.3179594712881185E-003
   1.6698287807730161E-003   2.7660047648316271E-003
   1.6828207306949518E-004   4.7921920217537288E-003
   3.1818505391394023E-003   9.6096405804202145E-003
   8.1004272252788896E-003   8.4192445540890305E-004
   3.9694923926002776E-003   9.4389249614621161E-003
   1.4002979739570515E-003   2.3131263453108849E-003
   8.3007714749783138E-003   9.8150819585728841E-003
   9.1951438268623991E-003   8.0105685666252719E-003
   6.3607008226032836E-003   2.3619644354851751E-004
   7.4089234729339017E-003   3.2748179525485346E-003
   9.7436918922437776E-003   7.3943845962148088E-003
   3.1294324449866232E-003   6.4830011718361646E-003
   7.5260214542625572E-003   3.9060972649166813E-004
   5.0363624491898172E-003   8.1433132328760406E-003
   4.1077821534628899E-003   9.9171726079271983E-003
   7.6523837669065144E-003   7.4104438570376692E-003
   4.4921361862179524E-003   4.1823643279179767E-003
   5.6885983821417197E-003   3.9451206121338166E-003
   5.9916549390143037E-003   1.3851560658706148E-003
   4.3386830968496779E-003   3.6633289436173297E-003
   6.5398979962523552E-003   9.0127713088936964E-003
   4.8011434286838132E-003   9.4981798946383311E-003
   3.1581511735721264E-003   2.6982710709321646E-003
   6.3795223861837398E-004   4.0633799527135589E-003
   8.9044454548994293E-003   6.7695155771307254E-003
   1.1915075598245056E-003   6.1142742662291388E-003
   7.2418898377762594E-004   1.1855517519570662E-003
   6.6449600302823635E-003   2.4398732941783375E-003
   6.9504552553177135E-003   2.1127667287889713E-003
   7.7854851297035283E-003   9.5025608360313624E-003
   3.2519730754438664E-003   6.1359084239862435E-003
   3.7715309317091160E-003   6.9425106080912569E-003
   8.6743757169108725E-004   4.8064249590069174E-003
   7.4292942916179515E-003   5.4293242308447714E-003
   3.7654037604878676E-003   2.4091522220564786E-003
   2.6595909160839351E-003   3.8227760250786210E-003
   1.8556364820597863E-003   4.8875007801165342E-003
   4.0350770596578149E-003   1.1781984945657656E-003
   1.3150330639048633E-003   4.7404435485324092E-003
   1.1489880276606362E-003   2.5428179663339713E-003
   3.6417366953761022E-004   9.2266076287378599E-003
   2.8758170096556735E-003   4.6379975996157143E-003
   8.6323567706310927E-003   4.9318918049949647E-003
   9.2761777384561383E-004   6.5593863867965466E-003
   3.5396679321023023E-003   2.6437854406627759E-003
   2.8504058731954572E-005   8.2344319709737011E-003
   3.7068547698235394E-004   7.0916088330986024E-003
   7.8966077453906693E-003   7.7459798230538049E-003
   9.6546518661336286E-003   8.9333839756126441E-003
   5.3377947794915155E-003   5.4811686302913207E-003
   4.9681761325188799E-003   7.9103750213563324E-003
   4.4786054661863509E-003   1.9597355285471936E-004
   8.4192925172016462E-003   7.5144711916867975E-003
   3.2191337101250580E-003   6.0076150139829216E-003
   6.4692413464511010E-003   9.2194271316842300E-003
   6.6462736607744701E-003   2.0212791869515922E-003
   1.1549228807701370E-003   1.2350371113210158E-003
   8.5976445156138604E-003   9.1795274099239748E-003
   3.5996846871449075E-003   4.9148947023390302E-003
   6.9746258701079648E-003   4.0236068908235095E-003
   3.6016101965688219E-003   9.6288737885788424E-003
   7.4198045802394879E-003   3.6682356166039759E-003
   4.9723824509290901E-003   8.2616512702133743E-003
   2.7595455771123739E-003   3.0827606111218969E-003
   2.6732361887922681E-003   5.2414694825380437E-003
   6.8804030338676658E-003   7.4921450612564318E-003
   3.3973753468121287E-003   1.8811440104065202E-003
   9.8682791040596921E-003   1.3896711177144531E-003
   7.8866393342086304E-003   8.7057477835126903E-003
   9.1880583247114251E-003   3.7302970903601018E-003
   4.5322626850252332E-004   8.1055704541995984E-004
   4.5378156958789636E-003   4.1959155370462293E-004
   4.1738231685822004E-003   5.1028048643389739E-004
   6.1454628622836724E-003   9.9028009036103270E-003
   5.9005608809648835E-003   3.7110503780241359E-004
   7.9154842570030529E-003   3.4867473894202839E-003
   9.5014683946508301E-003   1.4825421392370677E-003
   1.6720579013563962E-003   8.0975326747156368E-003
   5.3908810975918922E-003   6.3912877842743363E-003
   7.5225820799929011E-003   3.2079066164828404E-003
   9.3795945911573225E-003   4.8289531864360693E-003
   2.0322408536599208E-003   8.6444555822035550E-003
   9.0382527602083304E-003   6.8840589406360215E-003
   4.6956255122533189E-003   9.6818301871800013E-003
   1.0848506358847258E-003   7.1184942531951215E-003
   4.0976149049110778E-003   2.4237157788238096E-003
   4.4199652059096683E-003   8.5339224937064206E-003
   8.3617386447087574E-003   3.1994991019365839E-003
   1.0932590817535571E-003   7.4667530169090042E-003
   2.3423144604742129E-003   1.7181476586117165E-003
   1.0360078890975601E-004   1.1684251954631997E-003
   5.7914983508137513E-003   7.4392966960739795E-003
   6.8816058369733420E-003   5.2585965046931973E-004
   8.5414322132903297E-003   4.4698165750456124E-003
   7.9444516487160947E-003   1.9990331502626807E-003
   8.6440611670930232E-003   3.7182541581421411E-004
   8.9074671309941761E-003   8.2628307902546747E-003
   1.8708803699681910E-003   6.5954593040959252E-003
   9.1938632583217061E-003   8.1696780436531068E-003
   6.7542204664806935E-003   9.9384104879286193E-003
   1.1157123377154173E-003   6.6116885312887319E-003
   2.4534529086451293E-004   1.8178890467704688E-003
   5.2675646754296330E-003   2.2895778540007669E-003
   6.2416354223348370E-003   8.0909300633198256E-004
   2.3038792434632218E-003   3.4353681855999719E-003
   9.4419061250248480E-003   8.6460867936937538E-003
   5.0381012284374336E-003   8.9236022946069028E-004
   3.2827951960651184E-003   1.0644178842494348E-004
   6.6214846477943867E-004   3.3306409620356939E-003
   9.1147888494258703E-003   5.1411818736890246E-003
   6.1493520653570777E-003   2.6421318774307763E-003
   8.1799468063655997E-003   7.5814984774130855E-003
   5.4732277083551642E-003   6.6003962450662612E-003
   7.0736771482386059E-003   8.9431544807474853E-003
   3.2733096756382427E-003   3.4102909282829105E-003
   5.4375315110373927E-003   9.0050515760691143E-003
   8.5663897956564979E-003   7.0168217676770043E-004
   9.9910004110964948E-004   1.5769987374437036E-003
   9.1624739622522492E-003   2.7688778949756538E-004
   9.6676461443620017E-003   9.2851012057089712E-003
   7.5992476230483724E-003   7.9742749258756053E-003
   9.7570247062281814E-003   1.2362971907650573E-003
   1.6581015669079970E-003   1.4357957995663377E-003
   4.5852060451103405E-003   6.2987837038462908E-003
   4.6610040611871541E-003   6.1747762403333451E-003
   1.0459627961022606E-003   7.3287566226575319E-003
   7.6777231915284520E-003   9.8683042497692188E-003
   7.7049899882194539E-004   4.5758863001018231E-003
   1.7354181044434282E-003   7.6188501006080071E-003
   2.0684925848937093E-003   7.8934934026997049E-003
   7.6947747765550275E-003   5.7184072238013186E-003
   9.8142256074651261E-003   6.0835108189301150E-004
   2.7955961426699518E-003   9.4794756777023311E-003
   7.3725269210396923E-003   5.1109786169188931E-003
   9.7722671971527241E-003   5.9780459878863981E-003
   4.9589709401870940E-003   6.9002211126034246E-003
   5.5363453019113959E-003   5.8106309761342739E-003
   8.1560132131706983E-003   1.6055721797074993E-004
   4.3092020807364963E-003   8.7757795158660869E-003
   8.6747258941990910E-003   7.3942565393607393E-003
   2.7626454843034248E-003   9.7939367451676806E-003
   6.7204549008609985E-003   8.4804464171083869E-003
   3.0564558706509212E-003   2.7506370110207410E-003
   3.7242076377031431E-003   6.5435585596335857E-003
   9.1087417719460748E-003   3.4430841931342542E-003
   1.9515743488220379E-003   7.1009127456233435E-003
   2.9597994885220192E-003   7.2025316800933947E-003
   6.4523387730365334E-003   1.5458492569373219E-003
   5.4370253372178533E-003   7.2830435853838190E-003
   6.2762815534492403E-003   6.3844141580091853E-003
   7.8672757408894955E-003   8.8403495069781079E-003
   2.9446370913389312E-004   3.7996666523626385E-003
   6.0705291135565052E-003   4.7403620578070926E-004
   5.7498714913380667E-003   4.0129651334197096E-003
   9.5640262633394577E-003   4.3454840799539741E-003
   7.0298779788566185E-003   2.4548503581689907E-003
   4.8160539031103502E-003   2.8997277854474856E-003
   6.2972260668395208E-004   8.7720202322919016E-004
   9.3522286086120780E-003   3.3122971669362379E-003
   3.7276870588435268E-003   3.4975633041456171E-003
   5.4319296057484716E-003   9.4776810191002127E-003
   3.3967504293642707E-003   2.8343922471787747E-003
   6.3448492467146596E-004   9.3355537435671106E-003
   6.3003618299497114E-003   5.5902744669421925E-003
   4.0930733103738508E-003   8.7912040803540519E-003
   3.3996412546372233E-003   3.6870646307650325E-003
   3.5381186769987078E-003   6.7436085113992952E-003
   9.9433753685762068E-003   7.3187421110080288E-003
   6.0986597119358646E-003   3.4238901005237783E-003
   5.7704141390372134E-004   7.6514855062828797E-004
   6.7958463946338026E-003   1.8011135988873959E-003
   9.3421815006724477E-003   9.3992697118778102E-003
   4.6001146568917274E-003   9.4960425093285946E-003
   1.3367002836133820E-003   6.2241591542140390E-004
   6.4839650907013401E-003   2.0804181704672138E-003
   6.9658015887093735E-003   8.1678745374865244E-003
   1.7050746836257515E-004   5.0537427910853847E-003
   5.6645725880118888E-003   9.0282950592359048E-003
   8.3944611290443973E-003   1.7536124222695885E-003
   3.4179817901076664E-003   2.6785596286312491E-003
   4.0636295471636720E-003   7.1150180916837499E-003
   6.1855074047043488E-003   3.3647273682824931E-003
   1.7643910840919200E-003   6.1062402120354775E-003
   1.2808190664652824E-003   4.5933602399161836E-003
   2.3503848362483016E-003   3.5267043875189053E-003
   3.1629968449301072E-003   3.4548169949347235E-003
   9.7522139594667656E-004   9.4546526714482590E-003
   8.0252648368595476E-003   5.9384428923662949E-003
   5.7536945705086431E-003   3.8597080874534827E-003
   3.0707363053554372E-003   2.4686171684733674E-003
   8.1983548627227332E-003   9.7500034653348871E-003
   4.4196858091371536E-003   2.0280927429106518E-003
   2.5487793621368610E-003   6.6929021881394568E-003
   7.8372857569890490E-003   1.3036839670053143E-003
   2.3167706105470523E-003   3.2842857778464843E-004
   7.6379058918160884E-003   3.2438514769281500E-003
   6.8855262393530117E-003   1.7439131633117391E-003
   9.9793281452634046E-003   3.6821500415364981E-003
   4.4931648320020948E-003   8.2555459850726393E-003
   2.4527269426978787E-003   9.2634637883228545E-003
   6.0513084782526406E-003   9.0936715756979175E-003
   8.3990721071134661E-003   7.4152573977668106E-003
   2.7804635478092653E-003   2.2332882519035080E-004
   1.4750286943628586E-003   4.9847243376936416E-003
   8.8079264428503473E-003   8.4672379346877515E-003
   2.2909906703471165E-003   5.0831665308601996E-003
   1.0706516919055263E-003   9.2858751347688374E-003
   9.4001181467436804E-004   4.7443499810734535E-003
   4.7893542818675536E-003   2.8184051638554808E-003
   8.5152140858188331E-003   3.6680707725081922E-003
   5.2267592424651418E-004   6.8919304790403370E-003
   9.0199532029311882E-003   7.6556750608867382E-003
   3.8937409426522168E-003   6.5609603219483796E-003
   7.5064064038481591E-003   9.3020880638165805E-003
   5.5035091962215999E-003   2.6565343153926238E-003
   5.1126717613603325E-003   4.3397615683915848E-003
   9.1602364597656930E-003   3.4471740962225823E-003
   4.1380571220713007E-003   8.2760192492399454E-003
   5.7621654149900029E-003   5.1347450377115722E-003
   2.1270718435417264E-003   1.6619623646428633E-003
   6.3978848077346964E-003   4.9649043963127326E-003
   3.9482982847598843E-003   7.1643805164677936E-003
   2.2072824659791230E-003   6.2045701808317423E-003
   1.5014638199943415E-003   4.4584972804684645E-004
   1.8266178676051171E-003   1.6440846964922197E-003
   6.8746367501442492E-004   8.1216590516835726E-004
   1.0930094873034439E-003   5.6894519392817521E-003
   5.4293209712157594E-003   3.2673049733356130E-003
   9.9755357997378035E-004   9.1914911797230554E-003
   6.1687892331596418E-003   7.7652223444381833E-003
   3.5913335176144417E-004   6.2151323101553753E-003
   7.7853095753981309E-003   2.6509608154422423E-003
   8.7092975195074904E-003   1.4863652184076445E-003
   2.4938904691924764E-003   9.5112808093015481E-004
   3.5377955080651657E-003   1.4364440000785720E-003
   1.0334565309032130E-003   5.5791363146058918E-003
   2.2664996805910487E-003   8.2980222107367687E-003
   2.7785180149499876E-003   2.9646791531539891E-005
   3.8591027277797008E-004   3.6251368017984260E-003
   1.0599689563084249E-003   9.6812415913125702E-003
   2.0571071664137333E-003   2.1030912185567856E-003
   2.2324658940697396E-003   1.7754966401380937E-004
   8.7133836973055188E-003   5.6639160055964796E-003
   7.2279213961343848E-003   6.0065472526506280E-003
   2.1103168847553047E-003   5.3037889326474578E-004
   6.9548003407916056E-003   1.4991480864114818E-003
   1.4644116170072982E-004   3.6152629198577548E-003
   5.1720035286489888E-003   4.9118241318090936E-003
   8.0242767036074192E-003   8.5104247594766438E-003
   3.6189002001746095E-003   6.1770901112710545E-005
   8.2399770655855430E-003   1.4905491850760529E-003
   5.4197101879025393E-003   9.4755720391290141E-003
   2.2333562384514866E-003   2.4659191269734500E-003
   7.2206826914198155E-003   1.6241599813216180E-003
   4.7368034742478297E-003   6.9990758816707299E-003
   9.0056611266944846E-003   4.1146641616312159E-003
   9.0847490397676588E-004   7.4221855064026017E-003
   8.4830806630119132E-003   5.2039450990054503E-003
   4.6534515007647928E-003   9.0581113514761023E-003
   8.9043495286741988E-003   1.5249103314824916E-003
   7.6388404740201496E-003   9.6002016261220926E-003
   2.6165032771492858E-003   2.9248511432320118E-004
   1.3745138428055280E-003   8.4317815529330545E-003
   3.8720853644758860E-003   5.6513687622041300E-003
   2.5732093502642633E-003   4.4710394015866515E-003
   4.1430587899606020E-003   9.1788838660246154E-003
   7.3610632714634127E-003   6.6822394759777186E-005
   4.5908084160605489E-003   6.2523223488835256E-004
   3.4450525433966203E-003   3.5228533686710770E-004
   1.4065098955326294E-003   1.5191058635334977E-003
   9.4361463605594567E-003   3.9826943557628872E-003
   7.1155866641158180E-003   5.1710940921544536E-003
   9.4137867025163892E-003   7.6424186153534884E-003
   8.9440476190969578E-003   7.8041516280752381E-003
   2.2793933759813166E-004   7.8963856249565194E-003
   2.7456907568246549E-003   1.6205413274562644E-003
   1.1298921895818283E-003   5.6199599083605967E-003
   6.3844025164769974E-005   5.0614709058131426E-003
   6.7200730586052283E-003   6.0537359705445061E-003
   9.2786001084738407E-003   1.0410873224218783E-003
   5.0124116265272776E-003   6.1862003087001854E-003
   1.6922168441546228E-003   9.4448849602811434E-003
   5.6481179807559203E-003   8.3839111069142404E-003
   1.8741632820452392E-003   4.7249766088672809E-003
   1.3968143618650801E-003   3.4609730371557984E-003
   8.3334590347173901E-003   9.8839309112559691E-003
   2.5677927781677773E-003   9.2002055650577900E-003
   7.5048487668413896E-004   3.4794127584804840E-003
   8.3724493199831100E-003   2.5967615668646814E-003
   3.0842884458062653E-003   9.3629616356282318E-003
   1.6789366498957093E-003   5.4985452468965879E-003
   8.8710105087938772E-003   6.5208016925122599E-003
   1.0755490516664223E-003   8.9958831709790431E-003
   6.7224069529783015E-003   9.9743530200674911E-003
   2.9330616830536452E-003   5.4347189168607443E-003
   7.0194453033709178E-003   6.2237177073134657E-003
   6.7364624732809434E-003   2.1215453753813847E-003
   9.3740443742713168E-003   9.1737532099586700E-003
   1.9799168230872216E-003   2.5501390930964328E-003
   7.7625801822927692E-003   7.8504206649262554E-004
   4.0286588501318634E-003   7.9270917959171783E-003
   2.3374697204388071E-003   7.4050994624407494E-004
   6.9213463025732651E-003   2.4407757457535601E-003
   1.9672792414050918E-003   6.6682919890937824E-003
   7.6374509407381762E-003   7.0365094612522558E-003
   8.1469030157415682E-003   3.6666169779685405E-003
   4.8799524106457612E-003   2.8915782472545182E-003
   4.2547634822571482E-003   3.1111687436286214E-003
   8.6920768994335450E-003   4.8553734109063511E-003
   7.5292927248074171E-003   9.5795057758593493E-003
   2.7535748680837338E-003   1.9556097695397259E-003
   1.9723954619711246E-003   2.4028206255300067E-003
   6.7330389314950627E-003   4.4605880996494499E-004
   7.4424408410873454E-003   2.5976942864235930E-003
   1.4259936294639453E-003   9.3180048322854588E-003
   9.9215954588361063E-003   3.2780049384003528E-003
   8.0306148193919173E-003   7.5570349616729815E-003
   7.8009474127557817E-003   6.6920178973544475E-003
   2.9901759712911099E-003   7.0930132675417765E-003
   1.2917574501092348E-003   2.6222728205017153E-003
   5.3659928987575666E-003   8.4272422867022658E-003
   7.4550495517696483E-003   1.7917845406531284E-003
   6.2439404457080832E-003   2.1673468882997273E-003
   6.0389637975203636E-003   6.4043118648251110E-003
   7.1645816821440042E-003   6.2596607051136257E-003
   5.5063357602368745E-003   1.1975993407879022E-003
   8.5955392609329611E-004   2.6658796717719548E-003
   5.2702804120584763E-003   6.6806334101970465E-003
   4.6616368948768994E-003   7.5649423559964366E-004
   1.9256430687036566E-003   9.2444964727594042E-003
   7.6881530730464279E-003   9.9978884728615589E-003
   7.0481514591016585E-003   6.0880295960642535E-003
   3.7960363569650968E-003   8.2972999700798196E-003
   3.6999112943652606E-003   2.7169827384487645E-003
   5.2480329783857020E-003   8.4651405962487408E-003
   6.4582824737104971E-003   4.7763804927358315E-003
   7.0747584137482375E-003   2.1273773173463425E-003
   3.6783353442690968E-003   4.0704836156547457E-003
   7.5097680126827993E-003   5.8541814823887227E-003
   9.7533087291537361E-003   7.1544600683983699E-003
   1.3887742540746807E-003   1.8916614362465504E-003
   3.0802255510726131E-003   5.8334637460454664E-003
   9.5265195749357906E-003   4.4919317609127293E-004
   6.3532050728580007E-003   4.1773938593349389E-003
   3.4868577511454270E-004   1.1633317923002559E-003
   8.2660187074290676E-004   9.8339943261044078E-003
   3.8366988319143182E-003   2.4519902665410148E-003
   1.8544355415992604E-004   9.0791448061722999E-003
   2.9642661115919550E-003   1.2038005521538670E-003
   8.2104839422788862E-004   4.8489812784125010E-003
   8.5927601943690153E-003   6.9763250681461417E-003
   9.4897588759147375E-003   1.4239754534438138E-003
   9.7832260698933280E-003   1.5075504786835753E-004
   5.0359452166761948E-004   1.3889870612830795E-003
   6.8221772121368806E-003   6.8696029516261085E-004
   1.2685195548778957E-003   3.2398174531943248E-003
   2.1362081180029587E-003   7.2715948369687401E-003
   5.3121941188872764E-004   8.6701684671780885E-003
   8.0774249546590373E-003   4.8759039514120221E-003
   3.7498776818392231E-003   9.5048360570822079E-004
   4.3079140616152038E-003   9.1518587475418380E-003
   7.9629542343145950E-003   2.0581483850526383E-003
