 -0.76518917087107297      -0.99786251229380851     
  0.87118511717158431       0.11603102582079994     
 -0.25688232866056393       0.27761132015796597     
  0.13806211421474734       0.11833205301078542     
 -0.98197402066080852      -0.31192541524593786     
  0.88330327555157262      -0.31934307419638430     
  0.32987252478616180       0.32449699350017203     
   7.7163766090244890E-002 -0.76981240321789923     
  -3.1740548548772951E-002  0.13860593863363735     
 -0.81516027247051892      -0.44649825795087916     
 -0.61700462176233839      -0.91590413899047785     
   7.1966527970054761E-002 -0.57463191373144018     
 -0.36813941458274368        4.6950533849221321E-002
  0.14207906352306021       0.20063214873597679     
  0.42086922323083420       0.33691729462837983     
 -0.82189144953442539      -0.11192837291228375     
 -0.27983302501732088       -1.7778761413117072E-002
  0.56610651284289148       0.23763566945343562     
  0.66797994249674653       0.42684041704046716     
  -5.6002614727599154E-002  0.46667335049772629     
  0.54916963176599931       0.52588913227800771     
  0.49953359211632598       0.29849565013608159     
  0.72642013870278777       0.65669034533314652     
  0.85128252905728119      -0.67312302288980397     
 -0.73395731211867576      -0.82292662354849866     
 -0.62877452139450196       0.91200198134576138     
  0.71459721626043726        1.4652447861991158E-002
  0.46073301267803957       0.97356575925394684     
 -0.75432598273955942      -0.36199531261948326     
   7.8569639062856078E-002   8.0196941245276099E-002
  0.64368736798643922       0.26035410242458457     
  0.85660610690182915      -0.61547613476878449     
 -0.71611047083441259       0.17422455581906671     
  0.32795666876468599       0.96754160258883481     
 -0.73123749871485821       0.73401265028933449     
 -0.83436991523235027       0.19515135197265088     
  0.62006140832116574       0.84843110480430339     
  0.14678468027582769      -0.94774485726321589     
   4.6824782572115309E-002 -0.55461028328694995     
   5.8561504718701807E-002  -4.7398297610753426E-002
 -0.87943833511416014      -0.99039889467658448     
  0.32678563450590192       0.24261096782739311     
 -0.71850534815845291       0.49421451223339408     
 -0.74548755983842008       -4.4555159697062807E-002
 -0.80017168478371414       0.75574220023910255     
 -0.18879797009380250      -0.59414565437381150     
  0.65146145697125291      -0.97869400917161387     
  0.31136368636002687       0.78243949582344174     
 -0.78352301998810270      -0.46720316772318982     
 -0.79562310918130108      -0.37569015966166730     
  -4.4209209975249353E-002 -0.25066325025276925     
  0.88312579310300809       0.29785816131835330     
  0.91776926663956293       0.84325282760185849     
  0.17559647039001081      -0.59747314554334374     
  0.47734967346042967       0.63807191883861836     
 -0.70925810816928769      -0.20843294393556122     
 -0.37972345434864363       -1.6557165237590210E-002
  0.17424843650683974       0.46823170151543692     
 -0.76070757800926558       0.81900295832713321     
 -0.93125999805019011       0.39097031750147138     
 -0.87584470270926640      -0.67344793153911264     
  -6.9970540374300061E-003 -0.40303416864063846     
  0.23082953138313145       0.86163021224142677     
 -0.56724591284152592      -0.27832179856708472     
 -0.40116343055467030      -0.55909772235776622     
 -0.10450743778419613        4.4582902130888558E-002
  0.98652266695021029      -0.21981306699953795     
  0.27217398163004547      -0.46514521636905770     
  0.95848168230774955       0.35844563073349112     
  0.85502826337272375       0.30211245531746678     
  0.70313093346279953       0.28190240889535878     
  0.59554293220924781      -0.19368414170218462     
  0.51908789436757741      -0.41080280057131735     
  0.67711974719488066       0.86696799321268014     
 -0.36650051093607927       0.38077664549292822     
  0.85810846488389347      -0.71931488607341421     
 -0.95719327394050580       -8.2221483331158529E-002
  0.43189829516332590      -0.97968441717151866     
 -0.58223956271557653       0.66198556948895360     
  0.66816243140020304      -0.79557532573410072     
 -0.29035279510777845       -7.6148548703909302E-003
 -0.41244611698097366      -0.83743085260348038     
  0.26833881844505014      -0.79014084646259053     
  -6.5289132786617410E-002 -0.69019583136836871     
  0.17296983636204089      -0.52913962127253744     
  0.59999609969120660       0.99401023222810658     
 -0.25151933934440929        5.3596627027176380E-002
 -0.54024263761744451      -0.86434484999353622     
  0.95285663516292129       0.55406964706642969     
 -0.64252947472701316      -0.77609631190031725     
  0.67004016897607177       0.21907506041913360     
  0.72317093928461262       0.19118690787122605     
 -0.18724576266988247      -0.36642619097288409     
 -0.75971782188743098       0.32222910359708856     
  0.89697979936337924       0.77358172745657128     
 -0.56167115291160763      -0.49045176316372729     
  0.99406653294450931       -6.9558820199504323E-002
  0.36095031161069335      -0.16371427112768067     
  0.24086415807269490      -0.40494325013525656     
 -0.50903079236923721       0.28073199971806839     
